#Layer_Color=9474304
#
#Feature symbol names
#
$0 r5

#
#Feature attribute names
#

#
#Layer features
#
L -0.003937 0.2223465 -0.003937 0.2343465 0 P 0
L -0.0059999 -0.4181963 0.0060001 -0.4181963 0 P 0
L -0.006 -0.4794414 0.006 -0.4794414 0 P 0
L -0.009937 0.2283465 0.002063 0.2283465 0 P 0
L -0.0172607 -0.6692685 -0.0172607 -0.6542685 0 P 0
L -0.019685 -0.313086 -0.019685 -0.301086 0 P 0
L -0.019685 0.3955748 -0.019685 0.4075748 0 P 0
L -0.0247135 -0.2330393 -0.0247135 -0.2210393 0 P 0
L -0.0247607 -0.6617685 -0.0097607 -0.6617685 0 P 0
L -0.025685 -0.307086 -0.013685 -0.307086 0 P 0
L -0.025685 0.4015748 -0.013685 0.4015748 0 P 0
L -0.0295287 0.6632901 -0.0295287 0.6752901 0 P 0
L -0.0306226 -0.4548188 -0.0306226 -0.4428188 0 P 0
L -0.0307135 -0.2270393 -0.0187135 -0.2270393 0 P 0
L -0.0355287 0.6692901 -0.0235287 0.6692901 0 P 0
L -0.0366226 -0.4488188 -0.0246226 -0.4488188 0 P 0
L -0.0531788 0.5318308 -0.0531788 0.5468308 0 P 0
L -0.0555023 -0.6649454 -0.0555023 -0.6499454 0 P 0
L -0.0606008 0.2141935 -0.0606008 0.2261935 0 P 0
L -0.0606788 0.5393308 -0.0456788 0.5393308 0 P 0
L -0.0620895 -0.3367826 -0.0620895 -0.3247826 0 P 0
L -0.0630023 -0.6574454 -0.0480023 -0.6574454 0 P 0
L -0.0666008 0.2201935 -0.0546008 0.2201935 0 P 0
L -0.0680895 -0.3307826 -0.0560895 -0.3307826 0 P 0
L -0.0803995 -0.2197605 -0.0803995 -0.2077605 0 P 0
L -0.0863995 -0.2137605 -0.0743995 -0.2137605 0 P 0
L -0.0984252 -0.6752913 -0.0984252 -0.6632913 0 P 0
L -0.0984252 0.4231339 -0.0984252 0.4351339 0 P 0
L -0.1044252 -0.6692913 -0.0924252 -0.6692913 0 P 0
L -0.1044252 0.4291339 -0.0924252 0.4291339 0 P 0
L -0.1103554 -0.3312594 -0.1103554 -0.3192594 0 P 0
L -0.1134568 0.1922049 -0.1134568 0.2042049 0 P 0
L -0.1163554 -0.3252594 -0.1043554 -0.3252594 0 P 0
L -0.1194568 0.1982049 -0.1074568 0.1982049 0 P 0
L -0.1310337 -0.1930503 -0.1310337 -0.1810503 0 P 0
L -0.1370337 -0.1870503 -0.1250337 -0.1870503 0 P 0
L -0.1456693 0.3995118 -0.1456693 0.4115118 0 P 0
L -0.1476389 0.6632901 -0.1476389 0.6752901 0 P 0
L -0.1484682 -0.6500187 -0.1484682 -0.6350187 0 P 0
L -0.1516693 0.4055118 -0.1396693 0.4055118 0 P 0
L -0.1536389 0.6692901 -0.1416389 0.6692901 0 P 0
L -0.1559682 -0.6425187 -0.1409682 -0.6425187 0 P 0
L -0.1591839 0.1577624 -0.1591839 0.1697624 0 P 0
L -0.1651839 0.1637624 -0.1531839 0.1637624 0 P 0
L -0.1734345 -0.154587 -0.1734345 -0.142587 0 P 0
L -0.1771653 0 0.1771653 0 0 P 0
L -0.1794345 -0.148587 -0.1674345 -0.148587 0 P 0
L -0.1850394 -0.3461024 -0.1850394 -0.3341024 0 P 0
L -0.1850394 0.3718898 -0.1850394 0.3918898 0 P 0
L -0.1879921 -0.285874 -0.1879921 -0.273874 0 P 0
L -0.1910394 -0.3401024 -0.1790394 -0.3401024 0 P 0
L -0.1939921 -0.279874 -0.1819921 -0.279874 0 P 0
L -0.1942214 -0.5291388 -0.1942214 -0.5141388 0 P 0
L -0.1949089 0.1130301 -0.1949089 0.1250301 0 P 0
L -0.1950394 0.3818898 -0.1750394 0.3818898 0 P 0
L -0.2009089 0.1190301 -0.1889089 0.1190301 0 P 0
L -0.2017214 -0.5216388 -0.1867214 -0.5216388 0 P 0
L -0.2049378 -0.1067875 -0.2049378 -0.0947875 0 P 0
L -0.2106299 -0.5606496 -0.2106299 -0.5456496 0 P 0
L -0.2109378 -0.1007875 -0.1989378 -0.1007875 0 P 0
L -0.2125984 0.4887472 -0.2125984 0.5037472 0 P 0
L -0.2181299 -0.5531496 -0.2031299 -0.5531496 0 P 0
L -0.218387 0.0608186 -0.218387 0.0728186 0 P 0
L -0.2200984 0.4962472 -0.2050984 0.4962472 0 P 0
L -0.2235641 -0.0526551 -0.2235641 -0.0406551 0 P 0
L -0.224387 0.0668186 -0.212387 0.0668186 0 P 0
L -0.2244094 0.3286457 -0.2244094 0.3406457 0 P 0
L -0.2272589 -0.5237701 -0.2272589 -0.5087701 0 P 0
L -0.2281431 0.0044088 -0.2281431 0.0164088 0 P 0
L -0.2295641 -0.0466551 -0.2175641 -0.0466551 0 P 0
L -0.2304094 0.3346457 -0.2184094 0.3346457 0 P 0
L -0.2341431 0.0104088 -0.2221431 0.0104088 0 P 0
L -0.2347589 -0.5162701 -0.2197589 -0.5162701 0 P 0
L -0.2519685 -0.3445827 -0.2519685 -0.3325827 0 P 0
L -0.2559055 0.2144724 -0.2559055 0.2264724 0 P 0
L -0.2579685 -0.3385827 -0.2459685 -0.3385827 0 P 0
L -0.2598425 0.1553543 -0.2598425 0.1753543 0 P 0
L -0.2619055 0.2204724 -0.2499055 0.2204724 0 P 0
L -0.2698425 0.1653543 -0.2498425 0.1653543 0 P 0
L -0.2854331 -0.2739062 -0.2854331 -0.2619062 0 P 0
L -0.2914331 -0.2679062 -0.2794331 -0.2679062 0 P 0
L -0.2952756 -0.1241102 -0.2952756 -0.1121102 0 P 0
L -0.2952766 -0.2225364 -0.2952766 -0.2105364 0 P 0
L -0.3012756 -0.1181102 -0.2892756 -0.1181102 0 P 0
L -0.3012766 -0.2165364 -0.2892766 -0.2165364 0 P 0
L -0.3060319 -0.2519062 -0.3060319 -0.2399062 0 P 0
L -0.3120319 -0.2459062 -0.3000319 -0.2459062 0 P 0
L -0.3149606 0.1475433 -0.3149606 0.1595433 0 P 0
L -0.3209606 0.1535433 -0.3089606 0.1535433 0 P 0
L -0.3290477 0.4439021 -0.3290477 0.4589021 0 P 0
L -0.3346457 -0.0453701 -0.3346457 -0.0333701 0 P 0
L -0.3365477 0.4514021 -0.3215477 0.4514021 0 P 0
L -0.3406457 -0.0393701 -0.3286457 -0.0393701 0 P 0
L -0.3494094 -0.3160394 -0.3494094 -0.3040394 0 P 0
L -0.3520815 -0.4430258 -0.3520815 -0.4280258 0 P 0
L -0.3543307 -0.1319843 -0.3543307 -0.1199843 0 P 0
L -0.3543317 0.604235 -0.3543317 0.616235 0 P 0
L -0.3554094 -0.3100394 -0.3434094 -0.3100394 0 P 0
L -0.3595815 -0.4355258 -0.3445815 -0.4355258 0 P 0
L -0.3603307 -0.1259843 -0.3483307 -0.1259843 0 P 0
L -0.3603317 0.610235 -0.3483317 0.610235 0 P 0
L -0.3679519 0.4465683 -0.3679519 0.4615683 0 P 0
L -0.3754519 0.4540683 -0.3604519 0.4540683 0 P 0
L -0.4015748 0.0845512 -0.4015748 0.0965512 0 P 0
L -0.4075748 0.0905512 -0.3955748 0.0905512 0 P 0
L -0.4086563 0.1317689 -0.4086563 0.1517689 0 P 0
L -0.4122003 -0.0243833 -0.4122003 -0.0043833 0 P 0
L -0.4133868 0.604235 -0.4133868 0.616235 0 P 0
L -0.4186563 0.1417689 -0.3986563 0.1417689 0 P 0
L -0.4193868 0.610235 -0.4073868 0.610235 0 P 0
L -0.4222003 -0.0143833 -0.4022003 -0.0143833 0 P 0
L -0.4409449 0.1317323 -0.4409449 0.1517323 0 P 0
L -0.4429144 -0.6359221 -0.4429144 -0.6239221 0 P 0
L -0.4429144 0.5451799 -0.4429144 0.5571799 0 P 0
L -0.4489144 -0.6299221 -0.4369144 -0.6299221 0 P 0
L -0.4489144 0.5511799 -0.4369144 0.5511799 0 P 0
L -0.4509449 0.1417323 -0.4309449 0.1417323 0 P 0
L -0.4522945 -0.3384651 -0.4522945 -0.3234651 0 P 0
L -0.4597945 -0.3309651 -0.4447945 -0.3309651 0 P 0
L -0.4691935 0.3409595 -0.4691935 0.3559595 0 P 0
L -0.4724419 0.604235 -0.4724419 0.616235 0 P 0
L -0.4766935 0.3484595 -0.4616935 0.3484595 0 P 0
L -0.4784419 0.610235 -0.4664419 0.610235 0 P 0
L -0.5019695 -0.5178119 -0.5019695 -0.5058119 0 P 0
L -0.5019695 -0.6359221 -0.5019695 -0.6239221 0 P 0
L -0.5019695 0.5451799 -0.5019695 0.5571799 0 P 0
L -0.5019695 0.6632901 -0.5019695 0.6752901 0 P 0
L -0.5079695 -0.5118119 -0.4959695 -0.5118119 0 P 0
L -0.5079695 -0.6299221 -0.4959695 -0.6299221 0 P 0
L -0.5079695 0.5511799 -0.4959695 0.5511799 0 P 0
L -0.5079695 0.6692901 -0.4959695 0.6692901 0 P 0
L -0.5112985 0.2184573 -0.5112985 0.2334573 0 P 0
L -0.5187985 0.2259573 -0.5037985 0.2259573 0 P 0
L -0.5261527 0.3900375 -0.5261527 0.4050375 0 P 0
L -0.531497 -0.4587568 -0.531497 -0.4467568 0 P 0
L -0.531497 0.4861248 -0.531497 0.4981248 0 P 0
L -0.5324803 -0.0970669 -0.5324803 -0.0820669 0 P 0
L -0.5336527 0.3975375 -0.5186527 0.3975375 0 P 0
L -0.537497 -0.4527568 -0.525497 -0.4527568 0 P 0
L -0.537497 0.4921248 -0.525497 0.4921248 0 P 0
L -0.5399803 -0.0895669 -0.5249803 -0.0895669 0 P 0
L -0.5506697 -0.6263524 -0.5506697 -0.6106044 0 P 0
L -0.5513138 0.6065371 -0.5513138 0.6222851 0 P 0
L -0.5527046 0.0782437 -0.5527046 0.0932437 0 P 0
L -0.5564099 -0.0679089 -0.5564099 -0.0529089 0 P 0
L -0.5576697 0.6548011 -0.5576697 0.6705491 0 P 0
L -0.5585437 -0.6184784 -0.5427957 -0.6184784 0 P 0
L -0.5591878 0.6144111 -0.5434398 0.6144111 0 P 0
L -0.5595392 -0.6742183 -0.5595392 -0.6584703 0 P 0
L -0.5602046 0.0857437 -0.5452046 0.0857437 0 P 0
L -0.5610246 -0.5178119 -0.5610246 -0.5058119 0 P 0
L -0.5610246 0.4270697 -0.5610246 0.4390697 0 P 0
L -0.5639099 -0.0604089 -0.5489099 -0.0604089 0 P 0
L -0.5655437 0.6626751 -0.5497957 0.6626751 0 P 0
L -0.5670246 -0.5118119 -0.5550246 -0.5118119 0 P 0
L -0.5670246 0.4330697 -0.5550246 0.4330697 0 P 0
L -0.5674132 -0.6663443 -0.5516652 -0.6663443 0 P 0
L -0.5716288 -0.5824147 -0.5716288 -0.5666667 0 P 0
L -0.5728346 -0.0970669 -0.5728346 -0.0820669 0 P 0
L -0.5745407 0.5637548 -0.5745407 0.5795028 0 P 0
L -0.5795028 -0.5745407 -0.5637548 -0.5745407 0 P 0
L -0.5803346 -0.0895669 -0.5653346 -0.0895669 0 P 0
L -0.5824147 0.5716288 -0.5666667 0.5716288 0 P 0
L -0.5905521 -0.4587568 -0.5905521 -0.4467568 0 P 0
L -0.5905521 0.3680146 -0.5905521 0.3800146 0 P 0
L -0.5905521 0.4861248 -0.5905521 0.4981248 0 P 0
L -0.5911805 0.6901116 -0.5911805 0.7058596 0 P 0
L -0.5948498 -0.7077292 -0.5948498 -0.6919812 0 P 0
L -0.5965521 -0.4527568 -0.5845521 -0.4527568 0 P 0
L -0.5965521 0.3740146 -0.5845521 0.3740146 0 P 0
L -0.5965521 0.4921248 -0.5845521 0.4921248 0 P 0
L -0.5990545 0.6979856 -0.5833065 0.6979856 0 P 0
L -0.6027238 -0.6998552 -0.5869758 -0.6998552 0 P 0
L -0.6144111 -0.5591878 -0.6144111 -0.5434398 0 P 0
L -0.6184784 0.5427957 -0.6184784 0.5585437 0 P 0
L -0.6200797 -0.2815915 -0.6200797 -0.2695915 0 P 0
L -0.6200797 -0.3997017 -0.6200797 -0.3877017 0 P 0
L -0.6200797 -0.5178119 -0.6200797 -0.5058119 0 P 0
L -0.6200797 0.3089595 -0.6200797 0.3209595 0 P 0
L -0.6200797 0.4270697 -0.6200797 0.4390697 0 P 0
L -0.6222851 -0.5513138 -0.6065371 -0.5513138 0 P 0
L -0.6260797 -0.2755915 -0.6140797 -0.2755915 0 P 0
L -0.6260797 -0.3937017 -0.6140797 -0.3937017 0 P 0
L -0.6260797 -0.5118119 -0.6140797 -0.5118119 0 P 0
L -0.6260797 0.3149595 -0.6140797 0.3149595 0 P 0
L -0.6260797 0.4330697 -0.6140797 0.4330697 0 P 0
L -0.6263524 0.5506697 -0.6106044 0.5506697 0 P 0
L -0.6299213 -0.1994291 -0.6299213 -0.1844291 0 P 0
L -0.6299213 -0.6929134 -0.6299213 -0.5669292 0 P 0
L -0.6299213 0.5669292 -0.6299213 0.6929134 0 P 0
L -0.6374213 -0.1919291 -0.6224213 -0.1919291 0 P 0
L -0.6390464 0.6989811 -0.6390464 0.7147291 0 P 0
L -0.6431137 -0.714085 -0.6431137 -0.698337 0 P 0
L -0.6469204 0.7068551 -0.6311724 0.7068551 0 P 0
L -0.6496072 0.4861248 -0.6496072 0.4981248 0 P 0
L -0.6509877 -0.706211 -0.6352397 -0.706211 0 P 0
L -0.6556072 0.4921248 -0.6436072 0.4921248 0 P 0
L -0.6626751 -0.5655437 -0.6626751 -0.5497957 0 P 0
L -0.6663443 0.5516652 -0.6663443 0.5674132 0 P 0
L -0.6705491 -0.5576697 -0.6548011 -0.5576697 0 P 0
L -0.6742183 0.5595392 -0.6584703 0.5595392 0 P 0
L -0.6791348 -0.5178119 -0.6791348 -0.5058119 0 P 0
L -0.6829841 0.678022 -0.6829841 0.69377 0 P 0
L -0.6851348 -0.5118119 -0.6731348 -0.5118119 0 P 0
L -0.685896 -0.6908581 -0.685896 -0.6751101 0 P 0
L -0.6908581 0.685896 -0.6751101 0.685896 0 P 0
L -0.6929134 -0.6299213 -0.5669292 -0.6299213 0 P 0
L -0.6929134 0.6299213 -0.5669292 0.6299213 0 P 0
L -0.69377 -0.6829841 -0.678022 -0.6829841 0 P 0
L -0.6979856 -0.5990545 -0.6979856 -0.5833065 0 P 0
L -0.6998552 0.5869758 -0.6998552 0.6027238 0 P 0
L -0.7058596 -0.5911805 -0.6901116 -0.5911805 0 P 0
L -0.706211 0.6352397 -0.706211 0.6509877 0 P 0
L -0.7068551 -0.6469204 -0.7068551 -0.6311724 0 P 0
L -0.7077292 0.5948498 -0.6919812 0.5948498 0 P 0
L -0.714085 0.6431137 -0.698337 0.6431137 0 P 0
L -0.7147291 -0.6390464 -0.6989811 -0.6390464 0 P 0
L 0 -0.1771653 0 0.1771653 0 P 0
L 0 -0.4854414 0 -0.4734414 0 P 0
L 0.0000001 -0.4241963 0.0000001 -0.4121963 0 P 0
L 0.008248 -0.3001969 0.023248 -0.3001969 0 P 0
L 0.0131703 -0.6712926 0.0281703 -0.6712926 0 P 0
L 0.015748 -0.3076969 0.015748 -0.2926969 0 P 0
L 0.0206703 -0.6787926 0.0206703 -0.6637926 0 P 0
L 0.0235264 0.6692901 0.0355264 0.6692901 0 P 0
L 0.0246225 -0.4488189 0.0366225 -0.4488189 0 P 0
L 0.0265253 -0.2260525 0.0385253 -0.2260525 0 P 0
L 0.0295264 0.6632901 0.0295264 0.6752901 0 P 0
L 0.0306225 -0.4548189 0.0306225 -0.4428189 0 P 0
L 0.0325253 -0.2320525 0.0325253 -0.2200525 0 P 0
L 0.0469743 0.2221517 0.0589743 0.2221517 0 P 0
L 0.0493955 -0.2991435 0.0643955 -0.2991435 0 P 0
L 0.0529743 0.2161517 0.0529743 0.2281517 0 P 0
L 0.0564764 -0.5728346 0.0714764 -0.5728346 0 P 0
L 0.0568955 -0.3066435 0.0568955 -0.2916435 0 P 0
L 0.0639764 -0.5803346 0.0639764 -0.5653346 0 P 0
L 0.0648661 0.5393701 0.0768661 0.5393701 0 P 0
L 0.0708661 0.5333701 0.0708661 0.5453701 0 P 0
L 0.0817204 -0.2108619 0.0937204 -0.2108619 0 P 0
L 0.0825815 0.3149595 0.0945815 0.3149595 0 P 0
L 0.0877204 -0.2168619 0.0877204 -0.2048619 0 P 0
L 0.0885815 0.3089595 0.0885815 0.3209595 0 P 0
L 0.0987992 -0.2996827 0.1137992 -0.2996827 0 P 0
L 0.1005569 0.2019983 0.1125569 0.2019983 0 P 0
L 0.1062992 -0.3071827 0.1062992 -0.2921827 0 P 0
L 0.1065569 0.1959983 0.1065569 0.2079983 0 P 0
L 0.1121102 0.4015748 0.1241102 0.4015748 0 P 0
L 0.1181102 0.3955748 0.1181102 0.4075748 0 P 0
L 0.1314037 -0.1824221 0.1434037 -0.1824221 0 P 0
L 0.137185 -0.3013031 0.152185 -0.3013031 0 P 0
L 0.1374037 -0.1884221 0.1374037 -0.1764221 0 P 0
L 0.1416366 0.3149595 0.1536366 0.3149595 0 P 0
L 0.1416366 0.6692901 0.1536366 0.6692901 0 P 0
L 0.144685 -0.3088031 0.144685 -0.2938031 0 P 0
L 0.1474441 0.1691525 0.1594441 0.1691525 0 P 0
L 0.1476366 0.3089595 0.1476366 0.3209595 0 P 0
L 0.1476366 0.6632901 0.1476366 0.6752901 0 P 0
L 0.1534441 0.1631525 0.1534441 0.1751525 0 P 0
L 0.1573858 -0.2559055 0.1693858 -0.2559055 0 P 0
L 0.1633858 -0.2619055 0.1633858 -0.2499055 0 P 0
L 0.1711642 0.2559044 0.1831642 0.2559044 0 P 0
L 0.1724534 -0.14252 0.1844534 -0.14252 0 P 0
L 0.1750394 0.3818898 0.1950394 0.3818898 0 P 0
L 0.1771642 0.2499044 0.1771642 0.2619044 0 P 0
L 0.1784534 -0.14852 0.1784534 -0.13652 0 P 0
L 0.1846899 0.1256783 0.1966899 0.1256783 0 P 0
L 0.1850394 0.3718898 0.1850394 0.3918898 0 P 0
L 0.1906899 0.1196783 0.1906899 0.1316783 0 P 0
L 0.1908504 -0.3937008 0.2028504 -0.3937008 0 P 0
L 0.1941481 -0.5240793 0.2091481 -0.5240793 0 P 0
L 0.1947244 -0.2598425 0.2147244 -0.2598425 0 P 0
L 0.1968504 -0.3997008 0.1968504 -0.3877008 0 P 0
L 0.2006917 0.3149595 0.2126917 0.3149595 0 P 0
L 0.2016481 -0.5315793 0.2016481 -0.5165793 0 P 0
L 0.2022903 -0.093663 0.2142903 -0.093663 0 P 0
L 0.2047244 -0.2698425 0.2047244 -0.2498425 0 P 0
L 0.2066917 0.3089595 0.2066917 0.3209595 0 P 0
L 0.2082903 -0.099663 0.2082903 -0.087663 0 P 0
L 0.2099539 0.0743072 0.2219539 0.0743072 0 P 0
L 0.2129724 0.496063 0.2279724 0.496063 0 P 0
L 0.2159539 0.0683072 0.2159539 0.0803072 0 P 0
L 0.2190396 -0.0389207 0.2310396 -0.0389207 0 P 0
L 0.2193307 -0.238189 0.2393307 -0.238189 0 P 0
L 0.2204724 0.488563 0.2204724 0.503563 0 P 0
L 0.2216487 0.0182671 0.2336487 0.0182671 0 P 0
L 0.2250396 -0.0449207 0.2250396 -0.0329207 0 P 0
L 0.2262835 0.3661417 0.2382835 0.3661417 0 P 0
L 0.2276487 0.0122671 0.2276487 0.0242671 0 P 0
L 0.2293307 -0.248189 0.2293307 -0.228189 0 P 0
L 0.2302193 0.2559044 0.2422193 0.2559044 0 P 0
L 0.2302205 -0.1968504 0.2422205 -0.1968504 0 P 0
L 0.2322835 0.3601417 0.2322835 0.3721417 0 P 0
L 0.2362193 0.2499044 0.2362193 0.2619044 0 P 0
L 0.2362205 -0.2028504 0.2362205 -0.1908504 0 P 0
L 0.2465344 -0.3939148 0.2585344 -0.3939148 0 P 0
L 0.2525344 -0.3999148 0.2525344 -0.3879148 0 P 0
L 0.2597468 0.1968493 0.2717468 0.1968493 0 P 0
L 0.2657468 0.1908493 0.2657468 0.2028493 0 P 0
L 0.2695906 -0.1574803 0.2815906 -0.1574803 0 P 0
L 0.2695906 0.3425197 0.2815906 0.3425197 0 P 0
L 0.2755906 -0.1634803 0.2755906 -0.1514803 0 P 0
L 0.2755906 0.3365197 0.2755906 0.3485197 0 P 0
L 0.2892744 -0.0984262 0.3012744 -0.0984262 0 P 0
L 0.2892744 0.019684 0.3012744 0.019684 0 P 0
L 0.2892744 0.1377942 0.3012744 0.1377942 0 P 0
L 0.2952744 -0.1044262 0.2952744 -0.0924262 0 P 0
L 0.2952744 0.013684 0.2952744 0.025684 0 P 0
L 0.2952744 0.1317942 0.2952744 0.1437942 0 P 0
L 0.3188019 -0.0393711 0.3308019 -0.0393711 0 P 0
L 0.3188019 0.0787391 0.3308019 0.0787391 0 P 0
L 0.3188019 0.1968493 0.3308019 0.1968493 0 P 0
L 0.3188019 0.3149595 0.3308019 0.3149595 0 P 0
L 0.3248019 -0.0453711 0.3248019 -0.0333711 0 P 0
L 0.3248019 0.0727391 0.3248019 0.0847391 0 P 0
L 0.3248019 0.1908493 0.3248019 0.2028493 0 P 0
L 0.3248019 0.3089595 0.3248019 0.3209595 0 P 0
L 0.3286457 -0.1574803 0.3406457 -0.1574803 0 P 0
L 0.3325827 -0.3031496 0.3445827 -0.3031496 0 P 0
L 0.3346457 -0.1634803 0.3346457 -0.1514803 0 P 0
L 0.3355109 -0.251968 0.3475109 -0.251968 0 P 0
L 0.3385827 -0.3091496 0.3385827 -0.2971496 0 P 0
L 0.3415109 -0.257968 0.3415109 -0.245968 0 P 0
L 0.3445815 0.4355258 0.3595815 0.4355258 0 P 0
L 0.3483295 0.019684 0.3603295 0.019684 0 P 0
L 0.3483295 0.1377942 0.3603295 0.1377942 0 P 0
L 0.3483295 0.610235 0.3603295 0.610235 0 P 0
L 0.3520815 0.4280258 0.3520815 0.4430258 0 P 0
L 0.3522677 -0.0669291 0.3642677 -0.0669291 0 P 0
L 0.3543295 0.013684 0.3543295 0.025684 0 P 0
L 0.3543295 0.1317942 0.3543295 0.1437942 0 P 0
L 0.3543295 0.604235 0.3543295 0.616235 0 P 0
L 0.3582677 -0.0729291 0.3582677 -0.0609291 0 P 0
L 0.3877008 0.0393701 0.3997008 0.0393701 0 P 0
L 0.3937008 0.0333701 0.3937008 0.0453701 0 P 0
L 0.394622 -0.2165354 0.406622 -0.2165354 0 P 0
L 0.400622 -0.2225354 0.400622 -0.2105354 0 P 0
L 0.4073846 0.610235 0.4193846 0.610235 0 P 0
L 0.4133846 0.604235 0.4133846 0.616235 0 P 0
L 0.4152598 0.1377953 0.4272598 0.1377953 0 P 0
L 0.4212598 0.1317953 0.4212598 0.1437953 0 P 0
L 0.4369121 -0.6299221 0.4489121 -0.6299221 0 P 0
L 0.4369121 0.5511799 0.4489121 0.5511799 0 P 0
L 0.4429121 -0.6359221 0.4429121 -0.6239221 0 P 0
L 0.4429121 0.5451799 0.4429121 0.5571799 0 P 0
L 0.4458195 0.3281553 0.4608195 0.3281553 0 P 0
L 0.4510566 -0.3700787 0.4660566 -0.3700787 0 P 0
L 0.4533195 0.3206553 0.4533195 0.3356553 0 P 0
L 0.4585566 -0.3775787 0.4585566 -0.3625787 0 P 0
L 0.4585669 -0.0511811 0.4705669 -0.0511811 0 P 0
L 0.4645669 -0.0571811 0.4645669 -0.0451811 0 P 0
L 0.4664397 0.610235 0.4784397 0.610235 0 P 0
L 0.4724397 0.604235 0.4724397 0.616235 0 P 0
L 0.4959672 -0.6299221 0.5079672 -0.6299221 0 P 0
L 0.4959672 0.5511799 0.5079672 0.5511799 0 P 0
L 0.4959672 0.6692901 0.5079672 0.6692901 0 P 0
L 0.5019672 -0.6359221 0.5019672 -0.6239221 0 P 0
L 0.5019672 0.5451799 0.5019672 0.5571799 0 P 0
L 0.5019672 0.6632901 0.5019672 0.6752901 0 P 0
L 0.504311 -0.2273622 0.519311 -0.2273622 0 P 0
L 0.511811 -0.2348622 0.511811 -0.2198622 0 P 0
L 0.5254948 0.4921248 0.5374948 0.4921248 0 P 0
L 0.5314948 0.4861248 0.5314948 0.4981248 0 P 0
L 0.5427957 0.6184784 0.5585437 0.6184784 0 P 0
L 0.5434398 -0.6144111 0.5591878 -0.6144111 0 P 0
L 0.5497957 -0.6626751 0.5655437 -0.6626751 0 P 0
L 0.5506697 0.6106044 0.5506697 0.6263524 0 P 0
L 0.5513138 -0.6222851 0.5513138 -0.6065371 0 P 0
L 0.5516652 0.6663443 0.5674132 0.6663443 0 P 0
L 0.5526525 0.347997 0.5676525 0.347997 0 P 0
L 0.5550223 -0.5118119 0.5670223 -0.5118119 0 P 0
L 0.5550223 0.4330697 0.5670223 0.4330697 0 P 0
L 0.5554921 -0.0944882 0.5704921 -0.0944882 0 P 0
L 0.5576697 -0.6705491 0.5576697 -0.6548011 0 P 0
L 0.5595392 0.6584703 0.5595392 0.6742183 0 P 0
L 0.5601525 0.340497 0.5601525 0.355497 0 P 0
L 0.5607194 0.0860303 0.5757194 0.0860303 0 P 0
L 0.5610223 -0.5178119 0.5610223 -0.5058119 0 P 0
L 0.5610223 0.4270697 0.5610223 0.4390697 0 P 0
L 0.5629921 -0.1019882 0.5629921 -0.0869882 0 P 0
L 0.5637548 0.5745407 0.5795028 0.5745407 0 P 0
L 0.5666667 -0.5716288 0.5824147 -0.5716288 0 P 0
L 0.5669292 -0.6299213 0.6929134 -0.6299213 0 P 0
L 0.5669292 0.6299213 0.6929134 0.6299213 0 P 0
L 0.5682194 0.0785303 0.5682194 0.0935303 0 P 0
L 0.5711906 -0.3542812 0.5861906 -0.3542812 0 P 0
L 0.5716288 0.5666667 0.5716288 0.5824147 0 P 0
L 0.5737205 -0.3155334 0.5887205 -0.3155334 0 P 0
L 0.5745407 -0.5795028 0.5745407 -0.5637548 0 P 0
L 0.5751772 0.3070866 0.5901772 0.3070866 0 P 0
L 0.5786906 -0.3617812 0.5786906 -0.3467812 0 P 0
L 0.5809921 -0.3858268 0.5959921 -0.3858268 0 P 0
L 0.5812205 -0.3230334 0.5812205 -0.3080334 0 P 0
L 0.5826772 0.2995866 0.5826772 0.3145866 0 P 0
L 0.5833065 -0.6979856 0.5990545 -0.6979856 0 P 0
L 0.5845499 0.3740146 0.5965499 0.3740146 0 P 0
L 0.5845499 0.4921248 0.5965499 0.4921248 0 P 0
L 0.5869758 0.6998552 0.6027238 0.6998552 0 P 0
L 0.5884921 -0.3933268 0.5884921 -0.3783268 0 P 0
L 0.5905499 0.3680146 0.5905499 0.3800146 0 P 0
L 0.5905499 0.4861248 0.5905499 0.4981248 0 P 0
L 0.5911805 -0.7058596 0.5911805 -0.6901116 0 P 0
L 0.5948498 0.6919812 0.5948498 0.7077292 0 P 0
L 0.5987992 0.2519685 0.6137992 0.2519685 0 P 0
L 0.6062992 0.2444685 0.6062992 0.2594685 0 P 0
L 0.6065371 0.5513138 0.6222851 0.5513138 0 P 0
L 0.6106044 -0.5506697 0.6263524 -0.5506697 0 P 0
L 0.6140774 -0.3937017 0.6260774 -0.3937017 0 P 0
L 0.6140774 -0.5118119 0.6260774 -0.5118119 0 P 0
L 0.6140774 0.3149595 0.6260774 0.3149595 0 P 0
L 0.6140774 0.4330697 0.6260774 0.4330697 0 P 0
L 0.6144111 0.5434398 0.6144111 0.5591878 0 P 0
L 0.6184784 -0.5585437 0.6184784 -0.5427957 0 P 0
L 0.6200774 -0.3997017 0.6200774 -0.3877017 0 P 0
L 0.6200774 -0.5178119 0.6200774 -0.5058119 0 P 0
L 0.6200774 0.3089595 0.6200774 0.3209595 0 P 0
L 0.6200774 0.4270697 0.6200774 0.4390697 0 P 0
L 0.6299213 -0.6929134 0.6299213 -0.5669292 0 P 0
L 0.6299213 0.5669292 0.6299213 0.6929134 0 P 0
L 0.6311724 -0.7068551 0.6469204 -0.7068551 0 P 0
L 0.6352397 0.706211 0.6509877 0.706211 0 P 0
L 0.6390464 -0.7147291 0.6390464 -0.6989811 0 P 0
L 0.6431137 0.698337 0.6431137 0.714085 0 P 0
L 0.643605 0.4921248 0.655605 0.4921248 0 P 0
L 0.649605 0.4861248 0.649605 0.4981248 0 P 0
L 0.6548011 0.5576697 0.6705491 0.5576697 0 P 0
L 0.6584703 -0.5595392 0.6742183 -0.5595392 0 P 0
L 0.6626751 0.5497957 0.6626751 0.5655437 0 P 0
L 0.6663443 -0.5674132 0.6663443 -0.5516652 0 P 0
L 0.6731325 -0.5118119 0.6851325 -0.5118119 0 P 0
L 0.6751101 -0.685896 0.6908581 -0.685896 0 P 0
L 0.678022 0.6829841 0.69377 0.6829841 0 P 0
L 0.6791325 -0.5178119 0.6791325 -0.5058119 0 P 0
L 0.6829841 -0.69377 0.6829841 -0.678022 0 P 0
L 0.685896 0.6751101 0.685896 0.6908581 0 P 0
L 0.6901116 0.5911805 0.7058596 0.5911805 0 P 0
L 0.6919812 -0.5948498 0.7077292 -0.5948498 0 P 0
L 0.6979856 0.5833065 0.6979856 0.5990545 0 P 0
L 0.698337 -0.6431137 0.714085 -0.6431137 0 P 0
L 0.6989811 0.6390464 0.7147291 0.6390464 0 P 0
L 0.6998552 -0.6027238 0.6998552 -0.5869758 0 P 0
L 0.706211 -0.6509877 0.706211 -0.6352397 0 P 0
L 0.7068551 0.6311724 0.7068551 0.6469204 0 P 0
