#Layer_Color=9474304
#
#Feature symbol names
#
$0 r5
$1 r6.6666

#
#Feature attribute names
#

#
#Layer features
#
A -0.6099213 -0.6299213 -0.6099213 -0.6299213 -0.6299213 -0.6299213 1 P 0 N
A -0.6099213 0.6299213 -0.6099213 0.6299213 -0.6299213 0.6299213 1 P 0 N
A 0.6499213 -0.6299213 0.6499213 -0.6299213 0.6299213 -0.6299213 1 P 0 N
A 0.6499213 0.6299213 0.6499213 0.6299213 0.6299213 0.6299213 1 P 0 N
L -0.003937 0.2083465 0.016063 0.2483465 0 P 0
L -0.004252 -0.2901969 0.005748 -0.2901969 0 P 0
L -0.004252 -0.2901969 0.005748 -0.3001969 0 P 0
L -0.004252 -0.3101969 0.005748 -0.3001969 0 P 0
L -0.004252 -0.3101969 0.005748 -0.3101969 0 P 0
L -0.0072607 -0.6517685 0.0027393 -0.6517685 0 P 0
L -0.0072607 -0.6617685 0.0027393 -0.6517685 0 P 0
L -0.0072607 -0.6617685 0.0027393 -0.6717685 0 P 0
L -0.0072607 -0.6717685 0.0027393 -0.6717685 0 P 0
L -0.0172607 -0.6417685 -0.0072607 -0.6517685 0 P 0
L -0.0172607 -0.6817685 -0.0072607 -0.6717685 0 P 0
L -0.019685 -0.327086 0.000315 -0.287086 0 P 0
L -0.019685 0.3815748 0.000315 0.4215748 0 P 0
L -0.0199999 -0.3981963 0.0000001 -0.4381963 0 P 0
L -0.0199999 -0.3981963 0.0200001 -0.3981963 0 P 0
L -0.02 -0.02 -0.01 0 0 P 0
L -0.02 -0.02 0 -0.01 0 P 0
L -0.02 -0.4594414 0 -0.4994414 0 P 0
L -0.02 -0.4594414 0.02 -0.4594414 0 P 0
L -0.02 0.02 -0.01 0 0 P 0
L -0.02 0.02 0 0.01 0 P 0
L -0.023937 0.2483465 -0.003937 0.2083465 0 P 0
L -0.023937 0.2483465 0.016063 0.2483465 0 P 0
L -0.0247135 -0.2470393 -0.0047135 -0.2070393 0 P 0
L -0.0272607 -0.6517685 -0.0172607 -0.6417685 0 P 0
L -0.0272607 -0.6717685 -0.0172607 -0.6817685 0 P 0
L -0.0295287 0.6492901 -0.0095287 0.6892901 0 P 0
L -0.0306226 -0.4688188 -0.0106226 -0.4288188 0 P 0
L -0.0372607 -0.6517685 -0.0272607 -0.6517685 0 P 0
L -0.0372607 -0.6517685 -0.0272607 -0.6617685 0 P 0
L -0.0372607 -0.6717685 -0.0272607 -0.6617685 0 P 0
L -0.0372607 -0.6717685 -0.0272607 -0.6717685 0 P 0
L -0.039685 -0.287086 -0.019685 -0.327086 0 P 0
L -0.039685 -0.287086 0.000315 -0.287086 0 P 0
L -0.039685 0.4215748 -0.019685 0.3815748 0 P 0
L -0.039685 0.4215748 0.000315 0.4215748 0 P 0
L -0.0431788 0.5293308 -0.0331788 0.5293308 0 P 0
L -0.0431788 0.5393308 -0.0331788 0.5293308 0 P 0
L -0.0431788 0.5393308 -0.0331788 0.5493308 0 P 0
L -0.0431788 0.5493308 -0.0331788 0.5493308 0 P 0
L -0.0447135 -0.2070393 -0.0047135 -0.2070393 0 P 0
L -0.0447135 -0.2070393 -0.0247135 -0.2470393 0 P 0
L -0.0455023 -0.6474454 -0.0355023 -0.6474454 0 P 0
L -0.0455023 -0.6574454 -0.0355023 -0.6474454 0 P 0
L -0.0455023 -0.6574454 -0.0355023 -0.6674454 0 P 0
L -0.0455023 -0.6674454 -0.0355023 -0.6674454 0 P 0
L -0.0495287 0.6892901 -0.0095287 0.6892901 0 P 0
L -0.0495287 0.6892901 -0.0295287 0.6492901 0 P 0
L -0.0506226 -0.4288188 -0.0106226 -0.4288188 0 P 0
L -0.0506226 -0.4288188 -0.0306226 -0.4688188 0 P 0
L -0.0531788 0.5193308 -0.0431788 0.5293308 0 P 0
L -0.0531788 0.5593308 -0.0431788 0.5493308 0 P 0
L -0.0555023 -0.6374454 -0.0455023 -0.6474454 0 P 0
L -0.0555023 -0.6774454 -0.0455023 -0.6674454 0 P 0
L -0.0606008 0.2001935 -0.0406008 0.2401935 0 P 0
L -0.0620895 -0.3507826 -0.0420895 -0.3107826 0 P 0
L -0.0631788 0.5293308 -0.0531788 0.5193308 0 P 0
L -0.0631788 0.5493308 -0.0531788 0.5593308 0 P 0
L -0.0655023 -0.6474454 -0.0555023 -0.6374454 0 P 0
L -0.0655023 -0.6674454 -0.0555023 -0.6774454 0 P 0
L -0.0731788 0.5293308 -0.0631788 0.5293308 0 P 0
L -0.0731788 0.5293308 -0.0631788 0.5393308 0 P 0
L -0.0731788 0.5493308 -0.0631788 0.5393308 0 P 0
L -0.0731788 0.5493308 -0.0631788 0.5493308 0 P 0
L -0.0755023 -0.6474454 -0.0655023 -0.6474454 0 P 0
L -0.0755023 -0.6474454 -0.0655023 -0.6574454 0 P 0
L -0.0755023 -0.6674454 -0.0655023 -0.6574454 0 P 0
L -0.0755023 -0.6674454 -0.0655023 -0.6674454 0 P 0
L -0.0803995 -0.2337605 -0.0603995 -0.1937605 0 P 0
L -0.0806008 0.2401935 -0.0406008 0.2401935 0 P 0
L -0.0806008 0.2401935 -0.0606008 0.2001935 0 P 0
L -0.0820895 -0.3107826 -0.0420895 -0.3107826 0 P 0
L -0.0820895 -0.3107826 -0.0620895 -0.3507826 0 P 0
L -0.0984252 -0.6892913 -0.0784252 -0.6492913 0 P 0
L -0.0984252 0.4091339 -0.0784252 0.4491339 0 P 0
L -0.1003995 -0.1937605 -0.0603995 -0.1937605 0 P 0
L -0.1003995 -0.1937605 -0.0803995 -0.2337605 0 P 0
L -0.1103554 -0.3452594 -0.0903554 -0.3052594 0 P 0
L -0.1134568 0.1782049 -0.0934568 0.2182049 0 P 0
L -0.1184252 -0.6492913 -0.0784252 -0.6492913 0 P 0
L -0.1184252 -0.6492913 -0.0984252 -0.6892913 0 P 0
L -0.1184252 0.4491339 -0.0784252 0.4491339 0 P 0
L -0.1184252 0.4491339 -0.0984252 0.4091339 0 P 0
L -0.1303554 -0.3052594 -0.0903554 -0.3052594 0 P 0
L -0.1303554 -0.3052594 -0.1103554 -0.3452594 0 P 0
L -0.1310337 -0.2070503 -0.1110337 -0.1670503 0 P 0
L -0.1334568 0.2182049 -0.0934568 0.2182049 0 P 0
L -0.1334568 0.2182049 -0.1134568 0.1782049 0 P 0
L -0.1384682 -0.6325187 -0.1284682 -0.6325187 0 P 0
L -0.1384682 -0.6425187 -0.1284682 -0.6325187 0 P 0
L -0.1384682 -0.6425187 -0.1284682 -0.6525187 0 P 0
L -0.1384682 -0.6525187 -0.1284682 -0.6525187 0 P 0
L -0.1456693 0.3855118 -0.1256693 0.4255118 0 P 0
L -0.1476389 0.6492901 -0.1276389 0.6892901 0 P 0
L -0.1484682 -0.6225187 -0.1384682 -0.6325187 0 P 0
L -0.1484682 -0.6625187 -0.1384682 -0.6525187 0 P 0
L -0.1510337 -0.1670503 -0.1110337 -0.1670503 0 P 0
L -0.1510337 -0.1670503 -0.1310337 -0.2070503 0 P 0
L -0.1584682 -0.6325187 -0.1484682 -0.6225187 0 P 0
L -0.1584682 -0.6525187 -0.1484682 -0.6625187 0 P 0
L -0.1591839 0.1437624 -0.1391839 0.1837624 0 P 0
L -0.1650394 0.3618898 -0.1650394 0.3718898 0 P 0
L -0.1650394 0.3918898 -0.1650394 0.4018898 0 P 0
L -0.1656693 0.4255118 -0.1256693 0.4255118 0 P 0
L -0.1656693 0.4255118 -0.1456693 0.3855118 0 P 0
L -0.1676389 0.6892901 -0.1276389 0.6892901 0 P 0
L -0.1676389 0.6892901 -0.1476389 0.6492901 0 P 0
L -0.1684682 -0.6325187 -0.1584682 -0.6325187 0 P 0
L -0.1684682 -0.6325187 -0.1584682 -0.6425187 0 P 0
L -0.1684682 -0.6525187 -0.1584682 -0.6425187 0 P 0
L -0.1684682 -0.6525187 -0.1584682 -0.6525187 0 P 0
L -0.1734345 -0.168587 -0.1534345 -0.128587 0 P 0
L -0.1750394 0.3618898 -0.1650394 0.3618898 0 P 0
L -0.1750394 0.3818898 -0.1650394 0.3718898 0 P 0
L -0.1750394 0.3818898 -0.1650394 0.3918898 0 P 0
L -0.1750394 0.4018898 -0.1650394 0.4018898 0 P 0
L -0.1791839 0.1837624 -0.1391839 0.1837624 0 P 0
L -0.1791839 0.1837624 -0.1591839 0.1437624 0 P 0
L -0.1842214 -0.5116388 -0.1742214 -0.5116388 0 P 0
L -0.1842214 -0.5216388 -0.1742214 -0.5116388 0 P 0
L -0.1842214 -0.5216388 -0.1742214 -0.5316388 0 P 0
L -0.1842214 -0.5316388 -0.1742214 -0.5316388 0 P 0
L -0.1850394 -0.3601024 -0.1650394 -0.3201024 0 P 0
L -0.1850394 0.3718898 -0.1750394 0.3618898 0 P 0
L -0.1850394 0.3918898 -0.1750394 0.4018898 0 P 0
L -0.1879921 -0.299874 -0.1679921 -0.259874 0 P 0
L -0.1934345 -0.128587 -0.1534345 -0.128587 0 P 0
L -0.1934345 -0.128587 -0.1734345 -0.168587 0 P 0
L -0.1942214 -0.5016388 -0.1842214 -0.5116388 0 P 0
L -0.1942214 -0.5416388 -0.1842214 -0.5316388 0 P 0
L -0.1949089 0.0990301 -0.1749089 0.1390301 0 P 0
L -0.1950394 0.3618898 -0.1850394 0.3718898 0 P 0
L -0.1950394 0.4018898 -0.1850394 0.3918898 0 P 0
L -0.2006299 -0.5431496 -0.1906299 -0.5431496 0 P 0
L -0.2006299 -0.5531496 -0.1906299 -0.5431496 0 P 0
L -0.2006299 -0.5531496 -0.1906299 -0.5631496 0 P 0
L -0.2006299 -0.5631496 -0.1906299 -0.5631496 0 P 0
L -0.2025984 0.4862472 -0.1925984 0.4862472 0 P 0
L -0.2025984 0.4962472 -0.1925984 0.4862472 0 P 0
L -0.2025984 0.4962472 -0.1925984 0.5062472 0 P 0
L -0.2025984 0.5062472 -0.1925984 0.5062472 0 P 0
L -0.2042214 -0.5116388 -0.1942214 -0.5016388 0 P 0
L -0.2042214 -0.5316388 -0.1942214 -0.5416388 0 P 0
L -0.2049378 -0.1207875 -0.1849378 -0.0807875 0 P 0
L -0.2050394 -0.3201024 -0.1650394 -0.3201024 0 P 0
L -0.2050394 -0.3201024 -0.1850394 -0.3601024 0 P 0
L -0.2050394 0.3618898 -0.1950394 0.3618898 0 P 0
L -0.2050394 0.3618898 -0.2050394 0.3718898 0 P 0
L -0.2050394 0.3718898 -0.1950394 0.3818898 0 P 0
L -0.2050394 0.3918898 -0.1950394 0.3818898 0 P 0
L -0.2050394 0.3918898 -0.2050394 0.4018898 0 P 0
L -0.2050394 0.4018898 -0.1950394 0.4018898 0 P 0
L -0.2079921 -0.259874 -0.1679921 -0.259874 0 P 0
L -0.2079921 -0.259874 -0.1879921 -0.299874 0 P 0
L -0.2106299 -0.5331496 -0.2006299 -0.5431496 0 P 0
L -0.2106299 -0.5731496 -0.2006299 -0.5631496 0 P 0
L -0.2125984 0.4762472 -0.2025984 0.4862472 0 P 0
L -0.2125984 0.5162472 -0.2025984 0.5062472 0 P 0
L -0.2142214 -0.5116388 -0.2042214 -0.5116388 0 P 0
L -0.2142214 -0.5116388 -0.2042214 -0.5216388 0 P 0
L -0.2142214 -0.5316388 -0.2042214 -0.5216388 0 P 0
L -0.2142214 -0.5316388 -0.2042214 -0.5316388 0 P 0
L -0.2149089 0.1390301 -0.1749089 0.1390301 0 P 0
L -0.2149089 0.1390301 -0.1949089 0.0990301 0 P 0
L -0.2172589 -0.5062701 -0.2072589 -0.5062701 0 P 0
L -0.2172589 -0.5162701 -0.2072589 -0.5062701 0 P 0
L -0.2172589 -0.5162701 -0.2072589 -0.5262701 0 P 0
L -0.2172589 -0.5262701 -0.2072589 -0.5262701 0 P 0
L -0.218387 0.0468186 -0.198387 0.0868186 0 P 0
L -0.2206299 -0.5431496 -0.2106299 -0.5331496 0 P 0
L -0.2206299 -0.5631496 -0.2106299 -0.5731496 0 P 0
L -0.2225984 0.4862472 -0.2125984 0.4762472 0 P 0
L -0.2225984 0.5062472 -0.2125984 0.5162472 0 P 0
L -0.2235641 -0.0666551 -0.2035641 -0.0266551 0 P 0
L -0.2244094 0.3146457 -0.2044094 0.3546457 0 P 0
L -0.2249378 -0.0807875 -0.1849378 -0.0807875 0 P 0
L -0.2249378 -0.0807875 -0.2049378 -0.1207875 0 P 0
L -0.2272589 -0.4962701 -0.2172589 -0.5062701 0 P 0
L -0.2272589 -0.5362701 -0.2172589 -0.5262701 0 P 0
L -0.2281431 -0.0095912 -0.2081431 0.0304088 0 P 0
L -0.2306299 -0.5431496 -0.2206299 -0.5431496 0 P 0
L -0.2306299 -0.5431496 -0.2206299 -0.5531496 0 P 0
L -0.2306299 -0.5631496 -0.2206299 -0.5531496 0 P 0
L -0.2306299 -0.5631496 -0.2206299 -0.5631496 0 P 0
L -0.2325984 0.4862472 -0.2225984 0.4862472 0 P 0
L -0.2325984 0.4862472 -0.2225984 0.4962472 0 P 0
L -0.2325984 0.5062472 -0.2225984 0.4962472 0 P 0
L -0.2325984 0.5062472 -0.2225984 0.5062472 0 P 0
L -0.2372589 -0.5062701 -0.2272589 -0.4962701 0 P 0
L -0.2372589 -0.5262701 -0.2272589 -0.5362701 0 P 0
L -0.238387 0.0868186 -0.198387 0.0868186 0 P 0
L -0.238387 0.0868186 -0.218387 0.0468186 0 P 0
L -0.2398425 0.1453543 -0.2398425 0.1553543 0 P 0
L -0.2398425 0.1753543 -0.2398425 0.1853543 0 P 0
L -0.2435641 -0.0266551 -0.2035641 -0.0266551 0 P 0
L -0.2435641 -0.0266551 -0.2235641 -0.0666551 0 P 0
L -0.2444094 0.3546457 -0.2044094 0.3546457 0 P 0
L -0.2444094 0.3546457 -0.2244094 0.3146457 0 P 0
L -0.2472589 -0.5062701 -0.2372589 -0.5062701 0 P 0
L -0.2472589 -0.5062701 -0.2372589 -0.5162701 0 P 0
L -0.2472589 -0.5262701 -0.2372589 -0.5162701 0 P 0
L -0.2472589 -0.5262701 -0.2372589 -0.5262701 0 P 0
L -0.2481431 0.0304088 -0.2081431 0.0304088 0 P 0
L -0.2481431 0.0304088 -0.2281431 -0.0095912 0 P 0
L -0.2498425 0.1453543 -0.2398425 0.1453543 0 P 0
L -0.2498425 0.1653543 -0.2398425 0.1553543 0 P 0
L -0.2498425 0.1653543 -0.2398425 0.1753543 0 P 0
L -0.2498425 0.1853543 -0.2398425 0.1853543 0 P 0
L -0.2519685 -0.3585827 -0.2319685 -0.3185827 0 P 0
L -0.2559055 0.2004724 -0.2359055 0.2404724 0 P 0
L -0.2598425 0.1553543 -0.2498425 0.1453543 0 P 0
L -0.2598425 0.1753543 -0.2498425 0.1853543 0 P 0
L -0.2698425 0.1453543 -0.2598425 0.1553543 0 P 0
L -0.2698425 0.1853543 -0.2598425 0.1753543 0 P 0
L -0.2719685 -0.3185827 -0.2319685 -0.3185827 0 P 0
L -0.2719685 -0.3185827 -0.2519685 -0.3585827 0 P 0
L -0.2759055 0.2404724 -0.2359055 0.2404724 0 P 0
L -0.2759055 0.2404724 -0.2559055 0.2004724 0 P 0
L -0.2798425 0.1453543 -0.2698425 0.1453543 0 P 0
L -0.2798425 0.1453543 -0.2798425 0.1553543 0 P 0
L -0.2798425 0.1553543 -0.2698425 0.1653543 0 P 0
L -0.2798425 0.1753543 -0.2698425 0.1653543 0 P 0
L -0.2798425 0.1753543 -0.2798425 0.1853543 0 P 0
L -0.2798425 0.1853543 -0.2698425 0.1853543 0 P 0
L -0.2854331 -0.2879062 -0.2654331 -0.2479062 0 P 0
L -0.2952756 -0.1381102 -0.2752756 -0.0981102 0 P 0
L -0.2952766 -0.2365364 -0.2752766 -0.1965364 0 P 0
L -0.3054331 -0.2479062 -0.2654331 -0.2479062 0 P 0
L -0.3054331 -0.2479062 -0.2854331 -0.2879062 0 P 0
L -0.3060319 -0.2659062 -0.2860319 -0.2259062 0 P 0
L -0.3149606 0.1335433 -0.2949606 0.1735433 0 P 0
L -0.3152756 -0.0981102 -0.2752756 -0.0981102 0 P 0
L -0.3152756 -0.0981102 -0.2952756 -0.1381102 0 P 0
L -0.3152766 -0.1965364 -0.2752766 -0.1965364 0 P 0
L -0.3152766 -0.1965364 -0.2952766 -0.2365364 0 P 0
L -0.3190477 0.4414021 -0.3090477 0.4414021 0 P 0
L -0.3190477 0.4514021 -0.3090477 0.4414021 0 P 0
L -0.3190477 0.4514021 -0.3090477 0.4614021 0 P 0
L -0.3190477 0.4614021 -0.3090477 0.4614021 0 P 0
L -0.3260319 -0.2259062 -0.2860319 -0.2259062 0 P 0
L -0.3260319 -0.2259062 -0.3060319 -0.2659062 0 P 0
L -0.3290477 0.4314021 -0.3190477 0.4414021 0 P 0
L -0.3290477 0.4714021 -0.3190477 0.4614021 0 P 0
L -0.3346457 -0.0593701 -0.3146457 -0.0193701 0 P 0
L -0.3349606 0.1735433 -0.2949606 0.1735433 0 P 0
L -0.3349606 0.1735433 -0.3149606 0.1335433 0 P 0
L -0.3390477 0.4414021 -0.3290477 0.4314021 0 P 0
L -0.3390477 0.4614021 -0.3290477 0.4714021 0 P 0
L -0.3420815 -0.4255258 -0.3320815 -0.4255258 0 P 0
L -0.3420815 -0.4355258 -0.3320815 -0.4255258 0 P 0
L -0.3420815 -0.4355258 -0.3320815 -0.4455258 0 P 0
L -0.3420815 -0.4455258 -0.3320815 -0.4455258 0 P 0
L -0.3490477 0.4414021 -0.3390477 0.4414021 0 P 0
L -0.3490477 0.4414021 -0.3390477 0.4514021 0 P 0
L -0.3490477 0.4614021 -0.3390477 0.4514021 0 P 0
L -0.3490477 0.4614021 -0.3390477 0.4614021 0 P 0
L -0.3494094 -0.3300394 -0.3294094 -0.2900394 0 P 0
L -0.3520815 -0.4155258 -0.3420815 -0.4255258 0 P 0
L -0.3520815 -0.4555258 -0.3420815 -0.4455258 0 P 0
L -0.3543307 -0.1459843 -0.3343307 -0.1059843 0 P 0
L -0.3543317 0.590235 -0.3343317 0.630235 0 P 0
L -0.3546457 -0.0193701 -0.3146457 -0.0193701 0 P 0
L -0.3546457 -0.0193701 -0.3346457 -0.0593701 0 P 0
L -0.3579519 0.4440683 -0.3479519 0.4440683 0 P 0
L -0.3579519 0.4540683 -0.3479519 0.4440683 0 P 0
L -0.3579519 0.4540683 -0.3479519 0.4640683 0 P 0
L -0.3579519 0.4640683 -0.3479519 0.4640683 0 P 0
L -0.3620815 -0.4255258 -0.3520815 -0.4155258 0 P 0
L -0.3620815 -0.4455258 -0.3520815 -0.4555258 0 P 0
L -0.3679519 0.4340683 -0.3579519 0.4440683 0 P 0
L -0.3679519 0.4740683 -0.3579519 0.4640683 0 P 0
L -0.3694094 -0.2900394 -0.3294094 -0.2900394 0 P 0
L -0.3694094 -0.2900394 -0.3494094 -0.3300394 0 P 0
L -0.3720815 -0.4255258 -0.3620815 -0.4255258 0 P 0
L -0.3720815 -0.4255258 -0.3620815 -0.4355258 0 P 0
L -0.3720815 -0.4455258 -0.3620815 -0.4355258 0 P 0
L -0.3720815 -0.4455258 -0.3620815 -0.4455258 0 P 0
L -0.3743307 -0.1059843 -0.3343307 -0.1059843 0 P 0
L -0.3743307 -0.1059843 -0.3543307 -0.1459843 0 P 0
L -0.3743317 0.630235 -0.3343317 0.630235 0 P 0
L -0.3743317 0.630235 -0.3543317 0.590235 0 P 0
L -0.3779519 0.4440683 -0.3679519 0.4340683 0 P 0
L -0.3779519 0.4640683 -0.3679519 0.4740683 0 P 0
L -0.3879519 0.4440683 -0.3779519 0.4440683 0 P 0
L -0.3879519 0.4440683 -0.3779519 0.4540683 0 P 0
L -0.3879519 0.4640683 -0.3779519 0.4540683 0 P 0
L -0.3879519 0.4640683 -0.3779519 0.4640683 0 P 0
L -0.3886563 0.1217689 -0.3886563 0.1317689 0 P 0
L -0.3886563 0.1517689 -0.3886563 0.1617689 0 P 0
L -0.3922003 -0.0043833 -0.3922003 0.0056167 0 P 0
L -0.3922003 -0.0343833 -0.3922003 -0.0243833 0 P 0
L -0.3986563 0.1217689 -0.3886563 0.1217689 0 P 0
L -0.3986563 0.1417689 -0.3886563 0.1317689 0 P 0
L -0.3986563 0.1417689 -0.3886563 0.1517689 0 P 0
L -0.3986563 0.1617689 -0.3886563 0.1617689 0 P 0
L -0.4015748 0.0705512 -0.3815748 0.1105512 0 P 0
L -0.4022003 -0.0143833 -0.3922003 -0.0043833 0 P 0
L -0.4022003 -0.0143833 -0.3922003 -0.0243833 0 P 0
L -0.4022003 -0.0343833 -0.3922003 -0.0343833 0 P 0
L -0.4022003 0.0056167 -0.3922003 0.0056167 0 P 0
L -0.4086563 0.1317689 -0.3986563 0.1217689 0 P 0
L -0.4086563 0.1517689 -0.3986563 0.1617689 0 P 0
L -0.4122003 -0.0043833 -0.4022003 0.0056167 0 P 0
L -0.4122003 -0.0243833 -0.4022003 -0.0343833 0 P 0
L -0.4133868 0.590235 -0.3933868 0.630235 0 P 0
L -0.4186563 0.1217689 -0.4086563 0.1317689 0 P 0
L -0.4186563 0.1617689 -0.4086563 0.1517689 0 P 0
L -0.4209449 0.1217323 -0.4209449 0.1317323 0 P 0
L -0.4209449 0.1517323 -0.4209449 0.1617323 0 P 0
L -0.4215748 0.1105512 -0.3815748 0.1105512 0 P 0
L -0.4215748 0.1105512 -0.4015748 0.0705512 0 P 0
L -0.4222003 -0.0343833 -0.4122003 -0.0243833 0 P 0
L -0.4222003 0.0056167 -0.4122003 -0.0043833 0 P 0
L -0.4286563 0.1217689 -0.4186563 0.1217689 0 P 0
L -0.4286563 0.1217689 -0.4286563 0.1317689 0 P 0
L -0.4286563 0.1317689 -0.4186563 0.1417689 0 P 0
L -0.4286563 0.1517689 -0.4186563 0.1417689 0 P 0
L -0.4286563 0.1517689 -0.4286563 0.1617689 0 P 0
L -0.4286563 0.1617689 -0.4186563 0.1617689 0 P 0
L -0.4309449 0.1217323 -0.4209449 0.1217323 0 P 0
L -0.4309449 0.1417323 -0.4209449 0.1317323 0 P 0
L -0.4309449 0.1417323 -0.4209449 0.1517323 0 P 0
L -0.4309449 0.1617323 -0.4209449 0.1617323 0 P 0
L -0.4322003 -0.0043833 -0.4222003 -0.0143833 0 P 0
L -0.4322003 -0.0043833 -0.4322003 0.0056167 0 P 0
L -0.4322003 -0.0243833 -0.4222003 -0.0143833 0 P 0
L -0.4322003 -0.0343833 -0.4222003 -0.0343833 0 P 0
L -0.4322003 -0.0343833 -0.4322003 -0.0243833 0 P 0
L -0.4322003 0.0056167 -0.4222003 0.0056167 0 P 0
L -0.4333868 0.630235 -0.3933868 0.630235 0 P 0
L -0.4333868 0.630235 -0.4133868 0.590235 0 P 0
L -0.4409449 0.1317323 -0.4309449 0.1217323 0 P 0
L -0.4409449 0.1517323 -0.4309449 0.1617323 0 P 0
L -0.4422945 -0.3209651 -0.4322945 -0.3209651 0 P 0
L -0.4422945 -0.3309651 -0.4322945 -0.3209651 0 P 0
L -0.4422945 -0.3309651 -0.4322945 -0.3409651 0 P 0
L -0.4422945 -0.3409651 -0.4322945 -0.3409651 0 P 0
L -0.4429144 -0.6499221 -0.4229144 -0.6099221 0 P 0
L -0.4429144 0.5311799 -0.4229144 0.5711799 0 P 0
L -0.4509449 0.1217323 -0.4409449 0.1317323 0 P 0
L -0.4509449 0.1617323 -0.4409449 0.1517323 0 P 0
L -0.4522945 -0.3109651 -0.4422945 -0.3209651 0 P 0
L -0.4522945 -0.3509651 -0.4422945 -0.3409651 0 P 0
L -0.4591935 0.3384595 -0.4491935 0.3384595 0 P 0
L -0.4591935 0.3484595 -0.4491935 0.3384595 0 P 0
L -0.4591935 0.3484595 -0.4491935 0.3584595 0 P 0
L -0.4591935 0.3584595 -0.4491935 0.3584595 0 P 0
L -0.4609449 0.1217323 -0.4509449 0.1217323 0 P 0
L -0.4609449 0.1217323 -0.4609449 0.1317323 0 P 0
L -0.4609449 0.1317323 -0.4509449 0.1417323 0 P 0
L -0.4609449 0.1517323 -0.4509449 0.1417323 0 P 0
L -0.4609449 0.1517323 -0.4609449 0.1617323 0 P 0
L -0.4609449 0.1617323 -0.4509449 0.1617323 0 P 0
L -0.4622945 -0.3209651 -0.4522945 -0.3109651 0 P 0
L -0.4622945 -0.3409651 -0.4522945 -0.3509651 0 P 0
L -0.4629144 -0.6099221 -0.4229144 -0.6099221 0 P 0
L -0.4629144 -0.6099221 -0.4429144 -0.6499221 0 P 0
L -0.4629144 0.5711799 -0.4229144 0.5711799 0 P 0
L -0.4629144 0.5711799 -0.4429144 0.5311799 0 P 0
L -0.4691935 0.3284595 -0.4591935 0.3384595 0 P 0
L -0.4691935 0.3684595 -0.4591935 0.3584595 0 P 0
L -0.4722945 -0.3209651 -0.4622945 -0.3209651 0 P 0
L -0.4722945 -0.3209651 -0.4622945 -0.3309651 0 P 0
L -0.4722945 -0.3409651 -0.4622945 -0.3309651 0 P 0
L -0.4722945 -0.3409651 -0.4622945 -0.3409651 0 P 0
L -0.4724419 0.590235 -0.4524419 0.630235 0 P 0
L -0.4791935 0.3384595 -0.4691935 0.3284595 0 P 0
L -0.4791935 0.3584595 -0.4691935 0.3684595 0 P 0
L -0.4891935 0.3384595 -0.4791935 0.3384595 0 P 0
L -0.4891935 0.3384595 -0.4791935 0.3484595 0 P 0
L -0.4891935 0.3584595 -0.4791935 0.3484595 0 P 0
L -0.4891935 0.3584595 -0.4791935 0.3584595 0 P 0
L -0.4924419 0.630235 -0.4524419 0.630235 0 P 0
L -0.4924419 0.630235 -0.4724419 0.590235 0 P 0
L -0.5012985 0.2159573 -0.4912985 0.2159573 0 P 0
L -0.5012985 0.2259573 -0.4912985 0.2159573 0 P 0
L -0.5012985 0.2259573 -0.4912985 0.2359573 0 P 0
L -0.5012985 0.2359573 -0.4912985 0.2359573 0 P 0
L -0.5019695 -0.5318119 -0.4819695 -0.4918119 0 P 0
L -0.5019695 -0.6499221 -0.4819695 -0.6099221 0 P 0
L -0.5019695 0.5311799 -0.4819695 0.5711799 0 P 0
L -0.5019695 0.6492901 -0.4819695 0.6892901 0 P 0
L -0.5112985 0.2059573 -0.5012985 0.2159573 0 P 0
L -0.5112985 0.2459573 -0.5012985 0.2359573 0 P 0
L -0.5161527 0.3875375 -0.5061527 0.3875375 0 P 0
L -0.5161527 0.3975375 -0.5061527 0.3875375 0 P 0
L -0.5161527 0.3975375 -0.5061527 0.4075375 0 P 0
L -0.5161527 0.4075375 -0.5061527 0.4075375 0 P 0
L -0.5212985 0.2159573 -0.5112985 0.2059573 0 P 0
L -0.5212985 0.2359573 -0.5112985 0.2459573 0 P 0
L -0.5219695 -0.4918119 -0.4819695 -0.4918119 0 P 0
L -0.5219695 -0.4918119 -0.5019695 -0.5318119 0 P 0
L -0.5219695 -0.6099221 -0.4819695 -0.6099221 0 P 0
L -0.5219695 -0.6099221 -0.5019695 -0.6499221 0 P 0
L -0.5219695 0.5711799 -0.4819695 0.5711799 0 P 0
L -0.5219695 0.5711799 -0.5019695 0.5311799 0 P 0
L -0.5219695 0.6892901 -0.4819695 0.6892901 0 P 0
L -0.5219695 0.6892901 -0.5019695 0.6492901 0 P 0
L -0.5224803 -0.0795669 -0.5124803 -0.0795669 0 P 0
L -0.5224803 -0.0895669 -0.5124803 -0.0795669 0 P 0
L -0.5224803 -0.0895669 -0.5124803 -0.0995669 0 P 0
L -0.5224803 -0.0995669 -0.5124803 -0.0995669 0 P 0
L -0.5261527 0.3775375 -0.5161527 0.3875375 0 P 0
L -0.5261527 0.4175375 -0.5161527 0.4075375 0 P 0
L -0.5306697 -0.6384784 -0.5306697 -0.5984784 0 P 0
L -0.5312985 0.2159573 -0.5212985 0.2159573 0 P 0
L -0.5312985 0.2159573 -0.5212985 0.2259573 0 P 0
L -0.5312985 0.2359573 -0.5212985 0.2259573 0 P 0
L -0.5312985 0.2359573 -0.5212985 0.2359573 0 P 0
L -0.5313138 0.5944111 -0.5313138 0.6344111 0 P 0
L -0.531497 -0.4727568 -0.511497 -0.4327568 0 P 0
L -0.531497 0.4721248 -0.511497 0.5121248 0 P 0
L -0.5324803 -0.0695669 -0.5224803 -0.0795669 0 P 0
L -0.5324803 -0.1095669 -0.5224803 -0.0995669 0 P 0
L -0.5361527 0.3875375 -0.5261527 0.3775375 0 P 0
L -0.5361527 0.4075375 -0.5261527 0.4175375 0 P 0
L -0.5376697 0.6426751 -0.5376697 0.6826751 0 P 0
L -0.5395392 -0.6863443 -0.5395392 -0.6463443 0 P 0
L -0.5424803 -0.0795669 -0.5324803 -0.0695669 0 P 0
L -0.5424803 -0.0995669 -0.5324803 -0.1095669 0 P 0
L -0.5427046 0.0757437 -0.5327046 0.0757437 0 P 0
L -0.5427046 0.0857437 -0.5327046 0.0757437 0 P 0
L -0.5427046 0.0857437 -0.5327046 0.0957437 0 P 0
L -0.5427046 0.0957437 -0.5327046 0.0957437 0 P 0
L -0.5461527 0.3875375 -0.5361527 0.3875375 0 P 0
L -0.5461527 0.3875375 -0.5361527 0.3975375 0 P 0
L -0.5461527 0.4075375 -0.5361527 0.3975375 0 P 0
L -0.5461527 0.4075375 -0.5361527 0.4075375 0 P 0
L -0.5464099 -0.0504089 -0.5364099 -0.0504089 0 P 0
L -0.5464099 -0.0604089 -0.5364099 -0.0504089 0 P 0
L -0.5464099 -0.0604089 -0.5364099 -0.0704089 0 P 0
L -0.5464099 -0.0704089 -0.5364099 -0.0704089 0 P 0
L -0.551497 -0.4327568 -0.511497 -0.4327568 0 P 0
L -0.551497 -0.4327568 -0.531497 -0.4727568 0 P 0
L -0.551497 0.5121248 -0.511497 0.5121248 0 P 0
L -0.551497 0.5121248 -0.531497 0.4721248 0 P 0
L -0.5516288 -0.5945407 -0.5516288 -0.5545407 0 P 0
L -0.5524803 -0.0795669 -0.5424803 -0.0795669 0 P 0
L -0.5524803 -0.0795669 -0.5424803 -0.0895669 0 P 0
L -0.5524803 -0.0995669 -0.5424803 -0.0895669 0 P 0
L -0.5524803 -0.0995669 -0.5424803 -0.0995669 0 P 0
L -0.5527046 0.0657437 -0.5427046 0.0757437 0 P 0
L -0.5527046 0.1057437 -0.5427046 0.0957437 0 P 0
L -0.5545407 0.5516288 -0.5545407 0.5916288 0 P 0
L -0.5564099 -0.0404089 -0.5464099 -0.0504089 0 P 0
L -0.5564099 -0.0804089 -0.5464099 -0.0704089 0 P 0
L -0.5610246 -0.5318119 -0.5410246 -0.4918119 0 P 0
L -0.5610246 0.4130697 -0.5410246 0.4530697 0 P 0
L -0.5627046 0.0757437 -0.5527046 0.0657437 0 P 0
L -0.5627046 0.0957437 -0.5527046 0.1057437 0 P 0
L -0.5628346 -0.0795669 -0.5528346 -0.0795669 0 P 0
L -0.5628346 -0.0895669 -0.5528346 -0.0795669 0 P 0
L -0.5628346 -0.0895669 -0.5528346 -0.0995669 0 P 0
L -0.5628346 -0.0995669 -0.5528346 -0.0995669 0 P 0
L -0.5664099 -0.0504089 -0.5564099 -0.0404089 0 P 0
L -0.5664099 -0.0704089 -0.5564099 -0.0804089 0 P 0
L -0.5706697 -0.5984784 -0.5306697 -0.5984784 0 P 0
L -0.5706697 -0.6384784 -0.5306697 -0.6384784 0 P 0
L -0.5706697 -0.6384784 -0.5706697 -0.5984784 0 P 0
L -0.5711805 0.6779856 -0.5711805 0.7179856 0 P 0
L -0.5713138 0.5944111 -0.5313138 0.5944111 0 P 0
L -0.5713138 0.5944111 -0.5713138 0.6344111 0 P 0
L -0.5713138 0.6344111 -0.5313138 0.6344111 0 P 0
L -0.5727046 0.0757437 -0.5627046 0.0757437 0 P 0
L -0.5727046 0.0757437 -0.5627046 0.0857437 0 P 0
L -0.5727046 0.0957437 -0.5627046 0.0857437 0 P 0
L -0.5727046 0.0957437 -0.5627046 0.0957437 0 P 0
L -0.5728346 -0.0695669 -0.5628346 -0.0795669 0 P 0
L -0.5728346 -0.1095669 -0.5628346 -0.0995669 0 P 0
L -0.5748498 -0.7198552 -0.5748498 -0.6798552 0 P 0
L -0.5764099 -0.0504089 -0.5664099 -0.0504089 0 P 0
L -0.5764099 -0.0504089 -0.5664099 -0.0604089 0 P 0
L -0.5764099 -0.0704089 -0.5664099 -0.0604089 0 P 0
L -0.5764099 -0.0704089 -0.5664099 -0.0704089 0 P 0
L -0.5776697 0.6426751 -0.5376697 0.6426751 0 P 0
L -0.5776697 0.6426751 -0.5776697 0.6826751 0 P 0
L -0.5776697 0.6826751 -0.5376697 0.6826751 0 P 0
L -0.5795392 -0.6463443 -0.5395392 -0.6463443 0 P 0
L -0.5795392 -0.6863443 -0.5395392 -0.6863443 0 P 0
L -0.5795392 -0.6863443 -0.5795392 -0.6463443 0 P 0
L -0.5810246 -0.4918119 -0.5410246 -0.4918119 0 P 0
L -0.5810246 -0.4918119 -0.5610246 -0.5318119 0 P 0
L -0.5810246 0.4530697 -0.5410246 0.4530697 0 P 0
L -0.5810246 0.4530697 -0.5610246 0.4130697 0 P 0
L -0.5828346 -0.0795669 -0.5728346 -0.0695669 0 P 0
L -0.5828346 -0.0995669 -0.5728346 -0.1095669 0 P 0
L -0.5905521 -0.4727568 -0.5705521 -0.4327568 0 P 0
L -0.5905521 0.3540146 -0.5705521 0.3940146 0 P 0
L -0.5905521 0.4721248 -0.5705521 0.5121248 0 P 0
L -0.5916288 -0.5545407 -0.5516288 -0.5545407 0 P 0
L -0.5916288 -0.5945407 -0.5516288 -0.5945407 0 P 0
L -0.5916288 -0.5945407 -0.5916288 -0.5545407 0 P 0
L -0.5928346 -0.0795669 -0.5828346 -0.0795669 0 P 0
L -0.5928346 -0.0795669 -0.5828346 -0.0895669 0 P 0
L -0.5928346 -0.0995669 -0.5828346 -0.0895669 0 P 0
L -0.5928346 -0.0995669 -0.5828346 -0.0995669 0 P 0
L -0.5944111 -0.5713138 -0.5944111 -0.5313138 0 P 0
L -0.5945407 0.5516288 -0.5545407 0.5516288 0 P 0
L -0.5945407 0.5516288 -0.5945407 0.5916288 0 P 0
L -0.5945407 0.5916288 -0.5545407 0.5916288 0 P 0
L -0.5984784 0.5306697 -0.5984784 0.5706697 0 P 0
L -0.6105521 -0.4327568 -0.5705521 -0.4327568 0 P 0
L -0.6105521 -0.4327568 -0.5905521 -0.4727568 0 P 0
L -0.6105521 0.3940146 -0.5705521 0.3940146 0 P 0
L -0.6105521 0.3940146 -0.5905521 0.3540146 0 P 0
L -0.6105521 0.5121248 -0.5705521 0.5121248 0 P 0
L -0.6105521 0.5121248 -0.5905521 0.4721248 0 P 0
L -0.6111805 0.6779856 -0.5711805 0.6779856 0 P 0
L -0.6111805 0.6779856 -0.6111805 0.7179856 0 P 0
L -0.6111805 0.7179856 -0.5711805 0.7179856 0 P 0
L -0.6148498 -0.6798552 -0.5748498 -0.6798552 0 P 0
L -0.6148498 -0.7198552 -0.5748498 -0.7198552 0 P 0
L -0.6148498 -0.7198552 -0.6148498 -0.6798552 0 P 0
L -0.6190464 0.6868551 -0.6190464 0.7268551 0 P 0
L -0.6199213 -0.1819291 -0.6099213 -0.1819291 0 P 0
L -0.6199213 -0.1919291 -0.6099213 -0.1819291 0 P 0
L -0.6199213 -0.1919291 -0.6099213 -0.2019291 0 P 0
L -0.6199213 -0.2019291 -0.6099213 -0.2019291 0 P 0
L -0.6200797 -0.2955915 -0.6000797 -0.2555915 0 P 0
L -0.6200797 -0.4137017 -0.6000797 -0.3737017 0 P 0
L -0.6200797 -0.5318119 -0.6000797 -0.4918119 0 P 0
L -0.6200797 0.2949595 -0.6000797 0.3349595 0 P 0
L -0.6200797 0.4130697 -0.6000797 0.4530697 0 P 0
L -0.6231137 -0.726211 -0.6231137 -0.686211 0 P 0
L -0.6299213 -0.1719291 -0.6199213 -0.1819291 0 P 0
L -0.6299213 -0.2119291 -0.6199213 -0.2019291 0 P 0
L -0.6344111 -0.5313138 -0.5944111 -0.5313138 0 P 0
L -0.6344111 -0.5713138 -0.5944111 -0.5713138 0 P 0
L -0.6344111 -0.5713138 -0.6344111 -0.5313138 0 P 0
L -0.6384784 0.5306697 -0.5984784 0.5306697 0 P 0
L -0.6384784 0.5306697 -0.6384784 0.5706697 0 P 0
L -0.6384784 0.5706697 -0.5984784 0.5706697 0 P 0
L -0.6399213 -0.1819291 -0.6299213 -0.1719291 0 P 0
L -0.6399213 -0.2019291 -0.6299213 -0.2119291 0 P 0
L -0.6400797 -0.2555915 -0.6000797 -0.2555915 0 P 0
L -0.6400797 -0.2555915 -0.6200797 -0.2955915 0 P 0
L -0.6400797 -0.3737017 -0.6000797 -0.3737017 0 P 0
L -0.6400797 -0.3737017 -0.6200797 -0.4137017 0 P 0
L -0.6400797 -0.4918119 -0.6000797 -0.4918119 0 P 0
L -0.6400797 -0.4918119 -0.6200797 -0.5318119 0 P 0
L -0.6400797 0.3349595 -0.6000797 0.3349595 0 P 0
L -0.6400797 0.3349595 -0.6200797 0.2949595 0 P 0
L -0.6400797 0.4530697 -0.6000797 0.4530697 0 P 0
L -0.6400797 0.4530697 -0.6200797 0.4130697 0 P 0
L -0.6426751 -0.5776697 -0.6426751 -0.5376697 0 P 0
L -0.6463443 0.5395392 -0.6463443 0.5795392 0 P 0
L -0.6496072 0.4721248 -0.6296072 0.5121248 0 P 0
L -0.6499213 -0.1819291 -0.6399213 -0.1819291 0 P 0
L -0.6499213 -0.1819291 -0.6399213 -0.1919291 0 P 0
L -0.6499213 -0.2019291 -0.6399213 -0.1919291 0 P 0
L -0.6499213 -0.2019291 -0.6399213 -0.2019291 0 P 0
L -0.6590464 0.6868551 -0.6190464 0.6868551 0 P 0
L -0.6590464 0.6868551 -0.6590464 0.7268551 0 P 0
L -0.6590464 0.7268551 -0.6190464 0.7268551 0 P 0
L -0.6629841 0.665896 -0.6629841 0.705896 0 P 0
L -0.6631137 -0.686211 -0.6231137 -0.686211 0 P 0
L -0.6631137 -0.726211 -0.6231137 -0.726211 0 P 0
L -0.6631137 -0.726211 -0.6631137 -0.686211 0 P 0
L -0.665896 -0.7029841 -0.665896 -0.6629841 0 P 0
L -0.6696072 0.5121248 -0.6296072 0.5121248 0 P 0
L -0.6696072 0.5121248 -0.6496072 0.4721248 0 P 0
L -0.6779856 -0.6111805 -0.6779856 -0.5711805 0 P 0
L -0.6791348 -0.5318119 -0.6591348 -0.4918119 0 P 0
L -0.6798552 0.5748498 -0.6798552 0.6148498 0 P 0
L -0.6826751 -0.5376697 -0.6426751 -0.5376697 0 P 0
L -0.6826751 -0.5776697 -0.6426751 -0.5776697 0 P 0
L -0.6826751 -0.5776697 -0.6826751 -0.5376697 0 P 0
L -0.686211 0.6231137 -0.686211 0.6631137 0 P 0
L -0.6863443 0.5395392 -0.6463443 0.5395392 0 P 0
L -0.6863443 0.5395392 -0.6863443 0.5795392 0 P 0
L -0.6863443 0.5795392 -0.6463443 0.5795392 0 P 0
L -0.6868551 -0.6590464 -0.6868551 -0.6190464 0 P 0
L -0.6991348 -0.4918119 -0.6591348 -0.4918119 0 P 0
L -0.6991348 -0.4918119 -0.6791348 -0.5318119 0 P 0
L -0.7029841 0.665896 -0.6629841 0.665896 0 P 0
L -0.7029841 0.665896 -0.7029841 0.705896 0 P 0
L -0.7029841 0.705896 -0.6629841 0.705896 0 P 0
L -0.705896 -0.6629841 -0.665896 -0.6629841 0 P 0
L -0.705896 -0.7029841 -0.665896 -0.7029841 0 P 0
L -0.705896 -0.7029841 -0.705896 -0.6629841 0 P 0
L -0.7179856 -0.5711805 -0.6779856 -0.5711805 0 P 0
L -0.7179856 -0.6111805 -0.6779856 -0.6111805 0 P 0
L -0.7179856 -0.6111805 -0.7179856 -0.5711805 0 P 0
L -0.7198552 0.5748498 -0.6798552 0.5748498 0 P 0
L -0.7198552 0.5748498 -0.7198552 0.6148498 0 P 0
L -0.7198552 0.6148498 -0.6798552 0.6148498 0 P 0
L -0.726211 0.6231137 -0.686211 0.6231137 0 P 0
L -0.726211 0.6231137 -0.726211 0.6631137 0 P 0
L -0.726211 0.6631137 -0.686211 0.6631137 0 P 0
L -0.7268551 -0.6190464 -0.6868551 -0.6190464 0 P 0
L -0.7268551 -0.6590464 -0.6868551 -0.6590464 0 P 0
L -0.7268551 -0.6590464 -0.7268551 -0.6190464 0 P 0
L 0 -0.01 0.02 -0.02 0 P 0
L 0 -0.4994414 0.02 -0.4594414 0 P 0
L 0 0.01 0.02 0.02 0 P 0
L 0.0000001 -0.4381963 0.0200001 -0.3981963 0 P 0
L 0.0006703 -0.6612926 0.0106703 -0.6612926 0 P 0
L 0.0006703 -0.6612926 0.0106703 -0.6712926 0 P 0
L 0.0006703 -0.6812926 0.0106703 -0.6712926 0 P 0
L 0.0006703 -0.6812926 0.0106703 -0.6812926 0 P 0
L 0.005748 -0.2901969 0.015748 -0.2801969 0 P 0
L 0.005748 -0.3101969 0.015748 -0.3201969 0 P 0
L 0.0095264 0.6892901 0.0295264 0.6492901 0 P 0
L 0.0095264 0.6892901 0.0495264 0.6892901 0 P 0
L 0.01 0 0.02 -0.02 0 P 0
L 0.01 0 0.02 0.02 0 P 0
L 0.0106225 -0.4288189 0.0306225 -0.4688189 0 P 0
L 0.0106225 -0.4288189 0.0506225 -0.4288189 0 P 0
L 0.0106703 -0.6612926 0.0206703 -0.6512926 0 P 0
L 0.0106703 -0.6812926 0.0206703 -0.6912926 0 P 0
L 0.0125253 -0.2060525 0.0325253 -0.2460525 0 P 0
L 0.0125253 -0.2060525 0.0525253 -0.2060525 0 P 0
L 0.015748 -0.2801969 0.025748 -0.2901969 0 P 0
L 0.015748 -0.3201969 0.025748 -0.3101969 0 P 0
L 0.0206703 -0.6512926 0.0306703 -0.6612926 0 P 0
L 0.0206703 -0.6912926 0.0306703 -0.6812926 0 P 0
L 0.025748 -0.2901969 0.035748 -0.2901969 0 P 0
L 0.025748 -0.3001969 0.035748 -0.2901969 0 P 0
L 0.025748 -0.3001969 0.035748 -0.3101969 0 P 0
L 0.025748 -0.3101969 0.035748 -0.3101969 0 P 0
L 0.0295264 0.6492901 0.0495264 0.6892901 0 P 0
L 0.0306225 -0.4688189 0.0506225 -0.4288189 0 P 0
L 0.0306703 -0.6612926 0.0406703 -0.6612926 0 P 0
L 0.0306703 -0.6712926 0.0406703 -0.6612926 0 P 0
L 0.0306703 -0.6712926 0.0406703 -0.6812926 0 P 0
L 0.0306703 -0.6812926 0.0406703 -0.6812926 0 P 0
L 0.0325253 -0.2460525 0.0525253 -0.2060525 0 P 0
L 0.0329743 0.2421517 0.0529743 0.2021517 0 P 0
L 0.0329743 0.2421517 0.0729743 0.2421517 0 P 0
L 0.0368955 -0.2891435 0.0468955 -0.2891435 0 P 0
L 0.0368955 -0.2891435 0.0468955 -0.2991435 0 P 0
L 0.0368955 -0.3091435 0.0468955 -0.2991435 0 P 0
L 0.0368955 -0.3091435 0.0468955 -0.3091435 0 P 0
L 0.0439764 -0.5628346 0.0539764 -0.5628346 0 P 0
L 0.0439764 -0.5628346 0.0539764 -0.5728346 0 P 0
L 0.0439764 -0.5828346 0.0539764 -0.5728346 0 P 0
L 0.0439764 -0.5828346 0.0539764 -0.5828346 0 P 0
L 0.0468955 -0.2891435 0.0568955 -0.2791435 0 P 0
L 0.0468955 -0.3091435 0.0568955 -0.3191435 0 P 0
L 0.0508661 0.5593701 0.0708661 0.5193701 0 P 0
L 0.0508661 0.5593701 0.0908661 0.5593701 0 P 0
L 0.0529743 0.2021517 0.0729743 0.2421517 0 P 0
L 0.0539764 -0.5628346 0.0639764 -0.5528346 0 P 0
L 0.0539764 -0.5828346 0.0639764 -0.5928346 0 P 0
L 0.0568955 -0.2791435 0.0668955 -0.2891435 0 P 0
L 0.0568955 -0.3191435 0.0668955 -0.3091435 0 P 0
L 0.0639764 -0.5528346 0.0739764 -0.5628346 0 P 0
L 0.0639764 -0.5928346 0.0739764 -0.5828346 0 P 0
L 0.0668955 -0.2891435 0.0768955 -0.2891435 0 P 0
L 0.0668955 -0.2991435 0.0768955 -0.2891435 0 P 0
L 0.0668955 -0.2991435 0.0768955 -0.3091435 0 P 0
L 0.0668955 -0.3091435 0.0768955 -0.3091435 0 P 0
L 0.0677204 -0.1908619 0.0877204 -0.2308619 0 P 0
L 0.0677204 -0.1908619 0.1077204 -0.1908619 0 P 0
L 0.0685815 0.3349595 0.0885815 0.2949595 0 P 0
L 0.0685815 0.3349595 0.1085815 0.3349595 0 P 0
L 0.0708661 0.5193701 0.0908661 0.5593701 0 P 0
L 0.0739764 -0.5628346 0.0839764 -0.5628346 0 P 0
L 0.0739764 -0.5728346 0.0839764 -0.5628346 0 P 0
L 0.0739764 -0.5728346 0.0839764 -0.5828346 0 P 0
L 0.0739764 -0.5828346 0.0839764 -0.5828346 0 P 0
L 0.0862992 -0.2896827 0.0962992 -0.2896827 0 P 0
L 0.0862992 -0.2896827 0.0962992 -0.2996827 0 P 0
L 0.0862992 -0.3096827 0.0962992 -0.2996827 0 P 0
L 0.0862992 -0.3096827 0.0962992 -0.3096827 0 P 0
L 0.0865569 0.2219983 0.1065569 0.1819983 0 P 0
L 0.0865569 0.2219983 0.1265569 0.2219983 0 P 0
L 0.0877204 -0.2308619 0.1077204 -0.1908619 0 P 0
L 0.0885815 0.2949595 0.1085815 0.3349595 0 P 0
L 0.0962992 -0.2896827 0.1062992 -0.2796827 0 P 0
L 0.0962992 -0.3096827 0.1062992 -0.3196827 0 P 0
L 0.0981102 0.4215748 0.1181102 0.3815748 0 P 0
L 0.0981102 0.4215748 0.1381102 0.4215748 0 P 0
L 0.1062992 -0.2796827 0.1162992 -0.2896827 0 P 0
L 0.1062992 -0.3196827 0.1162992 -0.3096827 0 P 0
L 0.1065569 0.1819983 0.1265569 0.2219983 0 P 0
L 0.1162992 -0.2896827 0.1262992 -0.2896827 0 P 0
L 0.1162992 -0.2996827 0.1262992 -0.2896827 0 P 0
L 0.1162992 -0.2996827 0.1262992 -0.3096827 0 P 0
L 0.1162992 -0.3096827 0.1262992 -0.3096827 0 P 0
L 0.1174037 -0.1624221 0.1374037 -0.2024221 0 P 0
L 0.1174037 -0.1624221 0.1574037 -0.1624221 0 P 0
L 0.1181102 0.3815748 0.1381102 0.4215748 0 P 0
L 0.124685 -0.2913031 0.134685 -0.2913031 0 P 0
L 0.124685 -0.2913031 0.134685 -0.3013031 0 P 0
L 0.124685 -0.3113031 0.134685 -0.3013031 0 P 0
L 0.124685 -0.3113031 0.134685 -0.3113031 0 P 0
L 0.1276366 0.3349595 0.1476366 0.2949595 0 P 0
L 0.1276366 0.3349595 0.1676366 0.3349595 0 P 0
L 0.1276366 0.6892901 0.1476366 0.6492901 0 P 0
L 0.1276366 0.6892901 0.1676366 0.6892901 0 P 0
L 0.1334441 0.1891525 0.1534441 0.1491525 0 P 0
L 0.1334441 0.1891525 0.1734441 0.1891525 0 P 0
L 0.134685 -0.2913031 0.144685 -0.2813031 0 P 0
L 0.134685 -0.3113031 0.144685 -0.3213031 0 P 0
L 0.1374037 -0.2024221 0.1574037 -0.1624221 0 P 0
L 0.1433858 -0.2359055 0.1633858 -0.2759055 0 P 0
L 0.1433858 -0.2359055 0.1833858 -0.2359055 0 P 0
L 0.144685 -0.2813031 0.154685 -0.2913031 0 P 0
L 0.144685 -0.3213031 0.154685 -0.3113031 0 P 0
L 0.1476366 0.2949595 0.1676366 0.3349595 0 P 0
L 0.1476366 0.6492901 0.1676366 0.6892901 0 P 0
L 0.1534441 0.1491525 0.1734441 0.1891525 0 P 0
L 0.154685 -0.2913031 0.164685 -0.2913031 0 P 0
L 0.154685 -0.3013031 0.164685 -0.2913031 0 P 0
L 0.154685 -0.3013031 0.164685 -0.3113031 0 P 0
L 0.154685 -0.3113031 0.164685 -0.3113031 0 P 0
L 0.1571642 0.2759044 0.1771642 0.2359044 0 P 0
L 0.1571642 0.2759044 0.1971642 0.2759044 0 P 0
L 0.1584534 -0.12252 0.1784534 -0.16252 0 P 0
L 0.1584534 -0.12252 0.1984534 -0.12252 0 P 0
L 0.1633858 -0.2759055 0.1833858 -0.2359055 0 P 0
L 0.1650394 0.3618898 0.1650394 0.3718898 0 P 0
L 0.1650394 0.3618898 0.1750394 0.3618898 0 P 0
L 0.1650394 0.3718898 0.1750394 0.3818898 0 P 0
L 0.1650394 0.3918898 0.1650394 0.4018898 0 P 0
L 0.1650394 0.3918898 0.1750394 0.3818898 0 P 0
L 0.1650394 0.4018898 0.1750394 0.4018898 0 P 0
L 0.1706899 0.1456783 0.1906899 0.1056783 0 P 0
L 0.1706899 0.1456783 0.2106899 0.1456783 0 P 0
L 0.1750394 0.3618898 0.1850394 0.3718898 0 P 0
L 0.1750394 0.4018898 0.1850394 0.3918898 0 P 0
L 0.1768504 -0.3737008 0.1968504 -0.4137008 0 P 0
L 0.1768504 -0.3737008 0.2168504 -0.3737008 0 P 0
L 0.1771642 0.2359044 0.1971642 0.2759044 0 P 0
L 0.1784534 -0.16252 0.1984534 -0.12252 0 P 0
L 0.1816481 -0.5140793 0.1916481 -0.5140793 0 P 0
L 0.1816481 -0.5140793 0.1916481 -0.5240793 0 P 0
L 0.1816481 -0.5340793 0.1916481 -0.5240793 0 P 0
L 0.1816481 -0.5340793 0.1916481 -0.5340793 0 P 0
L 0.1847244 -0.2398425 0.1947244 -0.2398425 0 P 0
L 0.1847244 -0.2498425 0.1847244 -0.2398425 0 P 0
L 0.1847244 -0.2498425 0.1947244 -0.2598425 0 P 0
L 0.1847244 -0.2698425 0.1947244 -0.2598425 0 P 0
L 0.1847244 -0.2798425 0.1847244 -0.2698425 0 P 0
L 0.1847244 -0.2798425 0.1947244 -0.2798425 0 P 0
L 0.1850394 0.3718898 0.1950394 0.3618898 0 P 0
L 0.1850394 0.3918898 0.1950394 0.4018898 0 P 0
L 0.1866917 0.3349595 0.2066917 0.2949595 0 P 0
L 0.1866917 0.3349595 0.2266917 0.3349595 0 P 0
L 0.1882903 -0.073663 0.2082903 -0.113663 0 P 0
L 0.1882903 -0.073663 0.2282903 -0.073663 0 P 0
L 0.1906899 0.1056783 0.2106899 0.1456783 0 P 0
L 0.1916481 -0.5140793 0.2016481 -0.5040793 0 P 0
L 0.1916481 -0.5340793 0.2016481 -0.5440793 0 P 0
L 0.1947244 -0.2398425 0.2047244 -0.2498425 0 P 0
L 0.1947244 -0.2798425 0.2047244 -0.2698425 0 P 0
L 0.1950394 0.3618898 0.2050394 0.3618898 0 P 0
L 0.1950394 0.3818898 0.2050394 0.3718898 0 P 0
L 0.1950394 0.3818898 0.2050394 0.3918898 0 P 0
L 0.1950394 0.4018898 0.2050394 0.4018898 0 P 0
L 0.1959539 0.0943072 0.2159539 0.0543072 0 P 0
L 0.1959539 0.0943072 0.2359539 0.0943072 0 P 0
L 0.1968504 -0.4137008 0.2168504 -0.3737008 0 P 0
L 0.2004724 0.486063 0.2104724 0.486063 0 P 0
L 0.2004724 0.486063 0.2104724 0.496063 0 P 0
L 0.2004724 0.506063 0.2104724 0.496063 0 P 0
L 0.2004724 0.506063 0.2104724 0.506063 0 P 0
L 0.2016481 -0.5040793 0.2116481 -0.5140793 0 P 0
L 0.2016481 -0.5440793 0.2116481 -0.5340793 0 P 0
L 0.2047244 -0.2498425 0.2147244 -0.2398425 0 P 0
L 0.2047244 -0.2698425 0.2147244 -0.2798425 0 P 0
L 0.2050394 0.3618898 0.2050394 0.3718898 0 P 0
L 0.2050394 0.3918898 0.2050394 0.4018898 0 P 0
L 0.2050396 -0.0189207 0.2250396 -0.0589207 0 P 0
L 0.2050396 -0.0189207 0.2450396 -0.0189207 0 P 0
L 0.2066917 0.2949595 0.2266917 0.3349595 0 P 0
L 0.2076487 0.0382671 0.2276487 -0.0017329 0 P 0
L 0.2076487 0.0382671 0.2476487 0.0382671 0 P 0
L 0.2082903 -0.113663 0.2282903 -0.073663 0 P 0
L 0.2093307 -0.218189 0.2193307 -0.218189 0 P 0
L 0.2093307 -0.228189 0.2093307 -0.218189 0 P 0
L 0.2093307 -0.228189 0.2193307 -0.238189 0 P 0
L 0.2093307 -0.248189 0.2193307 -0.238189 0 P 0
L 0.2093307 -0.258189 0.2093307 -0.248189 0 P 0
L 0.2093307 -0.258189 0.2193307 -0.258189 0 P 0
L 0.2104724 0.486063 0.2204724 0.476063 0 P 0
L 0.2104724 0.506063 0.2204724 0.516063 0 P 0
L 0.2116481 -0.5140793 0.2216481 -0.5140793 0 P 0
L 0.2116481 -0.5240793 0.2216481 -0.5140793 0 P 0
L 0.2116481 -0.5240793 0.2216481 -0.5340793 0 P 0
L 0.2116481 -0.5340793 0.2216481 -0.5340793 0 P 0
L 0.2122835 0.3861417 0.2322835 0.3461417 0 P 0
L 0.2122835 0.3861417 0.2522835 0.3861417 0 P 0
L 0.2147244 -0.2398425 0.2247244 -0.2398425 0 P 0
L 0.2147244 -0.2598425 0.2247244 -0.2498425 0 P 0
L 0.2147244 -0.2598425 0.2247244 -0.2698425 0 P 0
L 0.2147244 -0.2798425 0.2247244 -0.2798425 0 P 0
L 0.2159539 0.0543072 0.2359539 0.0943072 0 P 0
L 0.2162193 0.2759044 0.2362193 0.2359044 0 P 0
L 0.2162193 0.2759044 0.2562193 0.2759044 0 P 0
L 0.2162205 -0.1768504 0.2362205 -0.2168504 0 P 0
L 0.2162205 -0.1768504 0.2562205 -0.1768504 0 P 0
L 0.2193307 -0.218189 0.2293307 -0.228189 0 P 0
L 0.2193307 -0.258189 0.2293307 -0.248189 0 P 0
L 0.2204724 0.476063 0.2304724 0.486063 0 P 0
L 0.2204724 0.516063 0.2304724 0.506063 0 P 0
L 0.2247244 -0.2498425 0.2247244 -0.2398425 0 P 0
L 0.2247244 -0.2798425 0.2247244 -0.2698425 0 P 0
L 0.2250396 -0.0589207 0.2450396 -0.0189207 0 P 0
L 0.2276487 -0.0017329 0.2476487 0.0382671 0 P 0
L 0.2293307 -0.228189 0.2393307 -0.218189 0 P 0
L 0.2293307 -0.248189 0.2393307 -0.258189 0 P 0
L 0.2304724 0.486063 0.2404724 0.486063 0 P 0
L 0.2304724 0.496063 0.2404724 0.486063 0 P 0
L 0.2304724 0.496063 0.2404724 0.506063 0 P 0
L 0.2304724 0.506063 0.2404724 0.506063 0 P 0
L 0.2322835 0.3461417 0.2522835 0.3861417 0 P 0
L 0.2325344 -0.3739148 0.2525344 -0.4139148 0 P 0
L 0.2325344 -0.3739148 0.2725344 -0.3739148 0 P 0
L 0.2362193 0.2359044 0.2562193 0.2759044 0 P 0
L 0.2362205 -0.2168504 0.2562205 -0.1768504 0 P 0
L 0.2393307 -0.218189 0.2493307 -0.218189 0 P 0
L 0.2393307 -0.238189 0.2493307 -0.228189 0 P 0
L 0.2393307 -0.238189 0.2493307 -0.248189 0 P 0
L 0.2393307 -0.258189 0.2493307 -0.258189 0 P 0
L 0.2457468 0.2168493 0.2657468 0.1768493 0 P 0
L 0.2457468 0.2168493 0.2857468 0.2168493 0 P 0
L 0.2493307 -0.228189 0.2493307 -0.218189 0 P 0
L 0.2493307 -0.258189 0.2493307 -0.248189 0 P 0
L 0.2525344 -0.4139148 0.2725344 -0.3739148 0 P 0
L 0.2555906 -0.1374803 0.2755906 -0.1774803 0 P 0
L 0.2555906 -0.1374803 0.2955906 -0.1374803 0 P 0
L 0.2555906 0.3625197 0.2755906 0.3225197 0 P 0
L 0.2555906 0.3625197 0.2955906 0.3625197 0 P 0
L 0.2657468 0.1768493 0.2857468 0.2168493 0 P 0
L 0.2752744 -0.0784262 0.2952744 -0.1184262 0 P 0
L 0.2752744 -0.0784262 0.3152744 -0.0784262 0 P 0
L 0.2752744 0.039684 0.2952744 -0.000316 0 P 0
L 0.2752744 0.039684 0.3152744 0.039684 0 P 0
L 0.2752744 0.1577942 0.2952744 0.1177942 0 P 0
L 0.2752744 0.1577942 0.3152744 0.1577942 0 P 0
L 0.2755906 -0.1774803 0.2955906 -0.1374803 0 P 0
L 0.2755906 0.3225197 0.2955906 0.3625197 0 P 0
L 0.2952744 -0.000316 0.3152744 0.039684 0 P 0
L 0.2952744 -0.1184262 0.3152744 -0.0784262 0 P 0
L 0.2952744 0.1177942 0.3152744 0.1577942 0 P 0
L 0.3048019 -0.0193711 0.3248019 -0.0593711 0 P 0
L 0.3048019 -0.0193711 0.3448019 -0.0193711 0 P 0
L 0.3048019 0.0987391 0.3248019 0.0587391 0 P 0
L 0.3048019 0.0987391 0.3448019 0.0987391 0 P 0
L 0.3048019 0.2168493 0.3248019 0.1768493 0 P 0
L 0.3048019 0.2168493 0.3448019 0.2168493 0 P 0
L 0.3048019 0.3349595 0.3248019 0.2949595 0 P 0
L 0.3048019 0.3349595 0.3448019 0.3349595 0 P 0
L 0.3146457 -0.1374803 0.3346457 -0.1774803 0 P 0
L 0.3146457 -0.1374803 0.3546457 -0.1374803 0 P 0
L 0.3185827 -0.2831496 0.3385827 -0.3231496 0 P 0
L 0.3185827 -0.2831496 0.3585827 -0.2831496 0 P 0
L 0.3215109 -0.231968 0.3415109 -0.271968 0 P 0
L 0.3215109 -0.231968 0.3615109 -0.231968 0 P 0
L 0.3248019 -0.0593711 0.3448019 -0.0193711 0 P 0
L 0.3248019 0.0587391 0.3448019 0.0987391 0 P 0
L 0.3248019 0.1768493 0.3448019 0.2168493 0 P 0
L 0.3248019 0.2949595 0.3448019 0.3349595 0 P 0
L 0.3320815 0.4255258 0.3420815 0.4255258 0 P 0
L 0.3320815 0.4255258 0.3420815 0.4355258 0 P 0
L 0.3320815 0.4455258 0.3420815 0.4355258 0 P 0
L 0.3320815 0.4455258 0.3420815 0.4455258 0 P 0
L 0.3343295 0.039684 0.3543295 -0.000316 0 P 0
L 0.3343295 0.039684 0.3743295 0.039684 0 P 0
L 0.3343295 0.1577942 0.3543295 0.1177942 0 P 0
L 0.3343295 0.1577942 0.3743295 0.1577942 0 P 0
L 0.3343295 0.630235 0.3543295 0.590235 0 P 0
L 0.3343295 0.630235 0.3743295 0.630235 0 P 0
L 0.3346457 -0.1774803 0.3546457 -0.1374803 0 P 0
L 0.3382677 -0.0469291 0.3582677 -0.0869291 0 P 0
L 0.3382677 -0.0469291 0.3782677 -0.0469291 0 P 0
L 0.3385827 -0.3231496 0.3585827 -0.2831496 0 P 0
L 0.3415109 -0.271968 0.3615109 -0.231968 0 P 0
L 0.3420815 0.4255258 0.3520815 0.4155258 0 P 0
L 0.3420815 0.4455258 0.3520815 0.4555258 0 P 0
L 0.3520815 0.4155258 0.3620815 0.4255258 0 P 0
L 0.3520815 0.4555258 0.3620815 0.4455258 0 P 0
L 0.3543295 -0.000316 0.3743295 0.039684 0 P 0
L 0.3543295 0.1177942 0.3743295 0.1577942 0 P 0
L 0.3543295 0.590235 0.3743295 0.630235 0 P 0
L 0.3582677 -0.0869291 0.3782677 -0.0469291 0 P 0
L 0.3620815 0.4255258 0.3720815 0.4255258 0 P 0
L 0.3620815 0.4355258 0.3720815 0.4255258 0 P 0
L 0.3620815 0.4355258 0.3720815 0.4455258 0 P 0
L 0.3620815 0.4455258 0.3720815 0.4455258 0 P 0
L 0.3737008 0.0593701 0.3937008 0.0193701 0 P 0
L 0.3737008 0.0593701 0.4137008 0.0593701 0 P 0
L 0.380622 -0.1965354 0.400622 -0.2365354 0 P 0
L 0.380622 -0.1965354 0.420622 -0.1965354 0 P 0
L 0.3933846 0.630235 0.4133846 0.590235 0 P 0
L 0.3933846 0.630235 0.4333846 0.630235 0 P 0
L 0.3937008 0.0193701 0.4137008 0.0593701 0 P 0
L 0.400622 -0.2365354 0.420622 -0.1965354 0 P 0
L 0.4012598 0.1577953 0.4212598 0.1177953 0 P 0
L 0.4012598 0.1577953 0.4412598 0.1577953 0 P 0
L 0.4133846 0.590235 0.4333846 0.630235 0 P 0
L 0.4212598 0.1177953 0.4412598 0.1577953 0 P 0
L 0.4229121 -0.6099221 0.4429121 -0.6499221 0 P 0
L 0.4229121 -0.6099221 0.4629121 -0.6099221 0 P 0
L 0.4229121 0.5711799 0.4429121 0.5311799 0 P 0
L 0.4229121 0.5711799 0.4629121 0.5711799 0 P 0
L 0.4333195 0.3181553 0.4433195 0.3181553 0 P 0
L 0.4333195 0.3181553 0.4433195 0.3281553 0 P 0
L 0.4333195 0.3381553 0.4433195 0.3281553 0 P 0
L 0.4333195 0.3381553 0.4433195 0.3381553 0 P 0
L 0.4385566 -0.3600787 0.4485566 -0.3600787 0 P 0
L 0.4385566 -0.3600787 0.4485566 -0.3700787 0 P 0
L 0.4385566 -0.3800787 0.4485566 -0.3700787 0 P 0
L 0.4385566 -0.3800787 0.4485566 -0.3800787 0 P 0
L 0.4429121 -0.6499221 0.4629121 -0.6099221 0 P 0
L 0.4429121 0.5311799 0.4629121 0.5711799 0 P 0
L 0.4433195 0.3181553 0.4533195 0.3081553 0 P 0
L 0.4433195 0.3381553 0.4533195 0.3481553 0 P 0
L 0.4445669 -0.0311811 0.4645669 -0.0711811 0 P 0
L 0.4445669 -0.0311811 0.4845669 -0.0311811 0 P 0
L 0.4485566 -0.3600787 0.4585566 -0.3500787 0 P 0
L 0.4485566 -0.3800787 0.4585566 -0.3900787 0 P 0
L 0.4524397 0.630235 0.4724397 0.590235 0 P 0
L 0.4524397 0.630235 0.4924397 0.630235 0 P 0
L 0.4533195 0.3081553 0.4633195 0.3181553 0 P 0
L 0.4533195 0.3481553 0.4633195 0.3381553 0 P 0
L 0.4585566 -0.3500787 0.4685566 -0.3600787 0 P 0
L 0.4585566 -0.3900787 0.4685566 -0.3800787 0 P 0
L 0.4633195 0.3181553 0.4733195 0.3181553 0 P 0
L 0.4633195 0.3281553 0.4733195 0.3181553 0 P 0
L 0.4633195 0.3281553 0.4733195 0.3381553 0 P 0
L 0.4633195 0.3381553 0.4733195 0.3381553 0 P 0
L 0.4645669 -0.0711811 0.4845669 -0.0311811 0 P 0
L 0.4685566 -0.3600787 0.4785566 -0.3600787 0 P 0
L 0.4685566 -0.3700787 0.4785566 -0.3600787 0 P 0
L 0.4685566 -0.3700787 0.4785566 -0.3800787 0 P 0
L 0.4685566 -0.3800787 0.4785566 -0.3800787 0 P 0
L 0.4724397 0.590235 0.4924397 0.630235 0 P 0
L 0.4819672 -0.6099221 0.5019672 -0.6499221 0 P 0
L 0.4819672 -0.6099221 0.5219672 -0.6099221 0 P 0
L 0.4819672 0.5711799 0.5019672 0.5311799 0 P 0
L 0.4819672 0.5711799 0.5219672 0.5711799 0 P 0
L 0.4819672 0.6892901 0.5019672 0.6492901 0 P 0
L 0.4819672 0.6892901 0.5219672 0.6892901 0 P 0
L 0.491811 -0.2173622 0.501811 -0.2173622 0 P 0
L 0.491811 -0.2173622 0.501811 -0.2273622 0 P 0
L 0.491811 -0.2373622 0.501811 -0.2273622 0 P 0
L 0.491811 -0.2373622 0.501811 -0.2373622 0 P 0
L 0.501811 -0.2173622 0.511811 -0.2073622 0 P 0
L 0.501811 -0.2373622 0.511811 -0.2473622 0 P 0
L 0.5019672 -0.6499221 0.5219672 -0.6099221 0 P 0
L 0.5019672 0.5311799 0.5219672 0.5711799 0 P 0
L 0.5019672 0.6492901 0.5219672 0.6892901 0 P 0
L 0.5114948 0.5121248 0.5314948 0.4721248 0 P 0
L 0.5114948 0.5121248 0.5514948 0.5121248 0 P 0
L 0.511811 -0.2073622 0.521811 -0.2173622 0 P 0
L 0.511811 -0.2473622 0.521811 -0.2373622 0 P 0
L 0.521811 -0.2173622 0.531811 -0.2173622 0 P 0
L 0.521811 -0.2273622 0.531811 -0.2173622 0 P 0
L 0.521811 -0.2273622 0.531811 -0.2373622 0 P 0
L 0.521811 -0.2373622 0.531811 -0.2373622 0 P 0
L 0.5306697 0.5984784 0.5306697 0.6384784 0 P 0
L 0.5306697 0.5984784 0.5706697 0.5984784 0 P 0
L 0.5306697 0.6384784 0.5706697 0.6384784 0 P 0
L 0.5313138 -0.5944111 0.5713138 -0.5944111 0 P 0
L 0.5313138 -0.6344111 0.5313138 -0.5944111 0 P 0
L 0.5313138 -0.6344111 0.5713138 -0.6344111 0 P 0
L 0.5314948 0.4721248 0.5514948 0.5121248 0 P 0
L 0.5376697 -0.6426751 0.5776697 -0.6426751 0 P 0
L 0.5376697 -0.6826751 0.5376697 -0.6426751 0 P 0
L 0.5376697 -0.6826751 0.5776697 -0.6826751 0 P 0
L 0.5395392 0.6463443 0.5395392 0.6863443 0 P 0
L 0.5395392 0.6463443 0.5795392 0.6463443 0 P 0
L 0.5395392 0.6863443 0.5795392 0.6863443 0 P 0
L 0.5401525 0.337997 0.5501525 0.337997 0 P 0
L 0.5401525 0.337997 0.5501525 0.347997 0 P 0
L 0.5401525 0.357997 0.5501525 0.347997 0 P 0
L 0.5401525 0.357997 0.5501525 0.357997 0 P 0
L 0.5410223 -0.4918119 0.5610223 -0.5318119 0 P 0
L 0.5410223 -0.4918119 0.5810223 -0.4918119 0 P 0
L 0.5410223 0.4530697 0.5610223 0.4130697 0 P 0
L 0.5410223 0.4530697 0.5810223 0.4530697 0 P 0
L 0.5429921 -0.0844882 0.5529921 -0.0844882 0 P 0
L 0.5429921 -0.0844882 0.5529921 -0.0944882 0 P 0
L 0.5429921 -0.1044882 0.5529921 -0.0944882 0 P 0
L 0.5429921 -0.1044882 0.5529921 -0.1044882 0 P 0
L 0.5482194 0.0760303 0.5582194 0.0760303 0 P 0
L 0.5482194 0.0760303 0.5582194 0.0860303 0 P 0
L 0.5482194 0.0960303 0.5582194 0.0860303 0 P 0
L 0.5482194 0.0960303 0.5582194 0.0960303 0 P 0
L 0.5501525 0.337997 0.5601525 0.327997 0 P 0
L 0.5501525 0.357997 0.5601525 0.367997 0 P 0
L 0.5516288 0.5545407 0.5516288 0.5945407 0 P 0
L 0.5516288 0.5545407 0.5916288 0.5545407 0 P 0
L 0.5516288 0.5945407 0.5916288 0.5945407 0 P 0
L 0.5529921 -0.0844882 0.5629921 -0.0744882 0 P 0
L 0.5529921 -0.1044882 0.5629921 -0.1144882 0 P 0
L 0.5545407 -0.5516288 0.5945407 -0.5516288 0 P 0
L 0.5545407 -0.5916288 0.5545407 -0.5516288 0 P 0
L 0.5545407 -0.5916288 0.5945407 -0.5916288 0 P 0
L 0.5582194 0.0760303 0.5682194 0.0660303 0 P 0
L 0.5582194 0.0960303 0.5682194 0.1060303 0 P 0
L 0.5586906 -0.3442812 0.5686906 -0.3442812 0 P 0
L 0.5586906 -0.3442812 0.5686906 -0.3542812 0 P 0
L 0.5586906 -0.3642812 0.5686906 -0.3542812 0 P 0
L 0.5586906 -0.3642812 0.5686906 -0.3642812 0 P 0
L 0.5601525 0.327997 0.5701525 0.337997 0 P 0
L 0.5601525 0.367997 0.5701525 0.357997 0 P 0
L 0.5610223 -0.5318119 0.5810223 -0.4918119 0 P 0
L 0.5610223 0.4130697 0.5810223 0.4530697 0 P 0
L 0.5612205 -0.3055334 0.5712205 -0.3055334 0 P 0
L 0.5612205 -0.3055334 0.5712205 -0.3155334 0 P 0
L 0.5612205 -0.3255334 0.5712205 -0.3155334 0 P 0
L 0.5612205 -0.3255334 0.5712205 -0.3255334 0 P 0
L 0.5626772 0.2970866 0.5726772 0.2970866 0 P 0
L 0.5626772 0.2970866 0.5726772 0.3070866 0 P 0
L 0.5626772 0.3170866 0.5726772 0.3070866 0 P 0
L 0.5626772 0.3170866 0.5726772 0.3170866 0 P 0
L 0.5629921 -0.0744882 0.5729921 -0.0844882 0 P 0
L 0.5629921 -0.1144882 0.5729921 -0.1044882 0 P 0
L 0.5682194 0.0660303 0.5782194 0.0760303 0 P 0
L 0.5682194 0.1060303 0.5782194 0.0960303 0 P 0
L 0.5684921 -0.3758268 0.5784921 -0.3758268 0 P 0
L 0.5684921 -0.3758268 0.5784921 -0.3858268 0 P 0
L 0.5684921 -0.3958268 0.5784921 -0.3858268 0 P 0
L 0.5684921 -0.3958268 0.5784921 -0.3958268 0 P 0
L 0.5686906 -0.3442812 0.5786906 -0.3342812 0 P 0
L 0.5686906 -0.3642812 0.5786906 -0.3742812 0 P 0
L 0.5701525 0.337997 0.5801525 0.337997 0 P 0
L 0.5701525 0.347997 0.5801525 0.337997 0 P 0
L 0.5701525 0.347997 0.5801525 0.357997 0 P 0
L 0.5701525 0.357997 0.5801525 0.357997 0 P 0
L 0.5705499 0.3940146 0.5905499 0.3540146 0 P 0
L 0.5705499 0.3940146 0.6105499 0.3940146 0 P 0
L 0.5705499 0.5121248 0.5905499 0.4721248 0 P 0
L 0.5705499 0.5121248 0.6105499 0.5121248 0 P 0
L 0.5706697 0.5984784 0.5706697 0.6384784 0 P 0
L 0.5711805 -0.6779856 0.6111805 -0.6779856 0 P 0
L 0.5711805 -0.7179856 0.5711805 -0.6779856 0 P 0
L 0.5711805 -0.7179856 0.6111805 -0.7179856 0 P 0
L 0.5712205 -0.3055334 0.5812205 -0.2955334 0 P 0
L 0.5712205 -0.3255334 0.5812205 -0.3355334 0 P 0
L 0.5713138 -0.6344111 0.5713138 -0.5944111 0 P 0
L 0.5726772 0.2970866 0.5826772 0.2870866 0 P 0
L 0.5726772 0.3170866 0.5826772 0.3270866 0 P 0
L 0.5729921 -0.0844882 0.5829921 -0.0844882 0 P 0
L 0.5729921 -0.0944882 0.5829921 -0.0844882 0 P 0
L 0.5729921 -0.0944882 0.5829921 -0.1044882 0 P 0
L 0.5729921 -0.1044882 0.5829921 -0.1044882 0 P 0
L 0.5748498 0.6798552 0.5748498 0.7198552 0 P 0
L 0.5748498 0.6798552 0.6148498 0.6798552 0 P 0
L 0.5748498 0.7198552 0.6148498 0.7198552 0 P 0
L 0.5776697 -0.6826751 0.5776697 -0.6426751 0 P 0
L 0.5782194 0.0760303 0.5882194 0.0760303 0 P 0
L 0.5782194 0.0860303 0.5882194 0.0760303 0 P 0
L 0.5782194 0.0860303 0.5882194 0.0960303 0 P 0
L 0.5782194 0.0960303 0.5882194 0.0960303 0 P 0
L 0.5784921 -0.3758268 0.5884921 -0.3658268 0 P 0
L 0.5784921 -0.3958268 0.5884921 -0.4058268 0 P 0
L 0.5786906 -0.3342812 0.5886906 -0.3442812 0 P 0
L 0.5786906 -0.3742812 0.5886906 -0.3642812 0 P 0
L 0.5795392 0.6463443 0.5795392 0.6863443 0 P 0
L 0.5812205 -0.2955334 0.5912205 -0.3055334 0 P 0
L 0.5812205 -0.3355334 0.5912205 -0.3255334 0 P 0
L 0.5826772 0.2870866 0.5926772 0.2970866 0 P 0
L 0.5826772 0.3270866 0.5926772 0.3170866 0 P 0
L 0.5862992 0.2419685 0.5962992 0.2419685 0 P 0
L 0.5862992 0.2419685 0.5962992 0.2519685 0 P 0
L 0.5862992 0.2619685 0.5962992 0.2519685 0 P 0
L 0.5862992 0.2619685 0.5962992 0.2619685 0 P 0
L 0.5884921 -0.3658268 0.5984921 -0.3758268 0 P 0
L 0.5884921 -0.4058268 0.5984921 -0.3958268 0 P 0
L 0.5886906 -0.3442812 0.5986906 -0.3442812 0 P 0
L 0.5886906 -0.3542812 0.5986906 -0.3442812 0 P 0
L 0.5886906 -0.3542812 0.5986906 -0.3642812 0 P 0
L 0.5886906 -0.3642812 0.5986906 -0.3642812 0 P 0
L 0.5905499 0.3540146 0.6105499 0.3940146 0 P 0
L 0.5905499 0.4721248 0.6105499 0.5121248 0 P 0
L 0.5912205 -0.3055334 0.6012205 -0.3055334 0 P 0
L 0.5912205 -0.3155334 0.6012205 -0.3055334 0 P 0
L 0.5912205 -0.3155334 0.6012205 -0.3255334 0 P 0
L 0.5912205 -0.3255334 0.6012205 -0.3255334 0 P 0
L 0.5916288 0.5545407 0.5916288 0.5945407 0 P 0
L 0.5926772 0.2970866 0.6026772 0.2970866 0 P 0
L 0.5926772 0.3070866 0.6026772 0.2970866 0 P 0
L 0.5926772 0.3070866 0.6026772 0.3170866 0 P 0
L 0.5926772 0.3170866 0.6026772 0.3170866 0 P 0
L 0.5944111 0.5313138 0.5944111 0.5713138 0 P 0
L 0.5944111 0.5313138 0.6344111 0.5313138 0 P 0
L 0.5944111 0.5713138 0.6344111 0.5713138 0 P 0
L 0.5945407 -0.5916288 0.5945407 -0.5516288 0 P 0
L 0.5962992 0.2419685 0.6062992 0.2319685 0 P 0
L 0.5962992 0.2619685 0.6062992 0.2719685 0 P 0
L 0.5984784 -0.5306697 0.6384784 -0.5306697 0 P 0
L 0.5984784 -0.5706697 0.5984784 -0.5306697 0 P 0
L 0.5984784 -0.5706697 0.6384784 -0.5706697 0 P 0
L 0.5984921 -0.3758268 0.6084921 -0.3758268 0 P 0
L 0.5984921 -0.3858268 0.6084921 -0.3758268 0 P 0
L 0.5984921 -0.3858268 0.6084921 -0.3958268 0 P 0
L 0.5984921 -0.3958268 0.6084921 -0.3958268 0 P 0
L 0.6000774 -0.3737017 0.6200774 -0.4137017 0 P 0
L 0.6000774 -0.3737017 0.6400774 -0.3737017 0 P 0
L 0.6000774 -0.4918119 0.6200774 -0.5318119 0 P 0
L 0.6000774 -0.4918119 0.6400774 -0.4918119 0 P 0
L 0.6000774 0.3349595 0.6200774 0.2949595 0 P 0
L 0.6000774 0.3349595 0.6400774 0.3349595 0 P 0
L 0.6000774 0.4530697 0.6200774 0.4130697 0 P 0
L 0.6000774 0.4530697 0.6400774 0.4530697 0 P 0
L 0.6062992 0.2319685 0.6162992 0.2419685 0 P 0
L 0.6062992 0.2719685 0.6162992 0.2619685 0 P 0
L 0.6111805 -0.7179856 0.6111805 -0.6779856 0 P 0
L 0.6148498 0.6798552 0.6148498 0.7198552 0 P 0
L 0.6162992 0.2419685 0.6262992 0.2419685 0 P 0
L 0.6162992 0.2519685 0.6262992 0.2419685 0 P 0
L 0.6162992 0.2519685 0.6262992 0.2619685 0 P 0
L 0.6162992 0.2619685 0.6262992 0.2619685 0 P 0
L 0.6190464 -0.6868551 0.6590464 -0.6868551 0 P 0
L 0.6190464 -0.7268551 0.6190464 -0.6868551 0 P 0
L 0.6190464 -0.7268551 0.6590464 -0.7268551 0 P 0
L 0.6200774 -0.4137017 0.6400774 -0.3737017 0 P 0
L 0.6200774 -0.5318119 0.6400774 -0.4918119 0 P 0
L 0.6200774 0.2949595 0.6400774 0.3349595 0 P 0
L 0.6200774 0.4130697 0.6400774 0.4530697 0 P 0
L 0.6231137 0.686211 0.6231137 0.726211 0 P 0
L 0.6231137 0.686211 0.6631137 0.686211 0 P 0
L 0.6231137 0.726211 0.6631137 0.726211 0 P 0
L 0.629605 0.5121248 0.649605 0.4721248 0 P 0
L 0.629605 0.5121248 0.669605 0.5121248 0 P 0
L 0.6344111 0.5313138 0.6344111 0.5713138 0 P 0
L 0.6384784 -0.5706697 0.6384784 -0.5306697 0 P 0
L 0.6426751 0.5376697 0.6426751 0.5776697 0 P 0
L 0.6426751 0.5376697 0.6826751 0.5376697 0 P 0
L 0.6426751 0.5776697 0.6826751 0.5776697 0 P 0
L 0.6463443 -0.5395392 0.6863443 -0.5395392 0 P 0
L 0.6463443 -0.5795392 0.6463443 -0.5395392 0 P 0
L 0.6463443 -0.5795392 0.6863443 -0.5795392 0 P 0
L 0.649605 0.4721248 0.669605 0.5121248 0 P 0
L 0.6590464 -0.7268551 0.6590464 -0.6868551 0 P 0
L 0.6591325 -0.4918119 0.6791325 -0.5318119 0 P 0
L 0.6591325 -0.4918119 0.6991325 -0.4918119 0 P 0
L 0.6629841 -0.665896 0.7029841 -0.665896 0 P 0
L 0.6629841 -0.705896 0.6629841 -0.665896 0 P 0
L 0.6629841 -0.705896 0.7029841 -0.705896 0 P 0
L 0.6631137 0.686211 0.6631137 0.726211 0 P 0
L 0.665896 0.6629841 0.665896 0.7029841 0 P 0
L 0.665896 0.6629841 0.705896 0.6629841 0 P 0
L 0.665896 0.7029841 0.705896 0.7029841 0 P 0
L 0.6779856 0.5711805 0.6779856 0.6111805 0 P 0
L 0.6779856 0.5711805 0.7179856 0.5711805 0 P 0
L 0.6779856 0.6111805 0.7179856 0.6111805 0 P 0
L 0.6791325 -0.5318119 0.6991325 -0.4918119 0 P 0
L 0.6798552 -0.5748498 0.7198552 -0.5748498 0 P 0
L 0.6798552 -0.6148498 0.6798552 -0.5748498 0 P 0
L 0.6798552 -0.6148498 0.7198552 -0.6148498 0 P 0
L 0.6826751 0.5376697 0.6826751 0.5776697 0 P 0
L 0.686211 -0.6231137 0.726211 -0.6231137 0 P 0
L 0.686211 -0.6631137 0.686211 -0.6231137 0 P 0
L 0.686211 -0.6631137 0.726211 -0.6631137 0 P 0
L 0.6863443 -0.5795392 0.6863443 -0.5395392 0 P 0
L 0.6868551 0.6190464 0.6868551 0.6590464 0 P 0
L 0.6868551 0.6190464 0.7268551 0.6190464 0 P 0
L 0.6868551 0.6590464 0.7268551 0.6590464 0 P 0
L 0.7029841 -0.705896 0.7029841 -0.665896 0 P 0
L 0.705896 0.6629841 0.705896 0.7029841 0 P 0
L 0.7179856 0.5711805 0.7179856 0.6111805 0 P 0
L 0.7198552 -0.6148498 0.7198552 -0.5748498 0 P 0
L 0.726211 -0.6631137 0.726211 -0.6231137 0 P 0
L 0.7268551 0.6190464 0.7268551 0.6590464 0 P 0
